F 1756.013522 1871.471195 3.784126
D C 364.9 -287.9 1415.4 -461.6 1742.8 248.9 1129.7 565.4 538.4 591.2 896.5 1317.5 
W C 1291.4 1883.3 346.3 1392.9 509.9 627.8 1190.4 741.9 1679.3 1075.5 1827.7 279.5 
F 1757.577325 1871.475005 3.782779
D C 366.0 -288.8 1416.7 -462.0 1741.8 248.8 1129.9 565.4 540.6 593.7 897.6 1319.0 
W C 1291.5 1884.0 345.9 1394.3 510.5 630.2 1190.3 742.5 1679.5 1072.3 1827.2 277.6 
F 1758.079459 1872.601383 3.782647
D C 366.2 -289.0 1418.2 -462.5 1741.8 248.8 1131.1 566.1 541.5 594.6 900.0 1322.6 
W C 1291.7 1885.2 344.9 1395.2 510.9 631.5 1190.1 742.5 1679.7 1072.2 1827.7 274.4 
F 1757.616112 1870.308721 3.782228
D C 366.2 -288.9 1417.4 -462.3 1737.0 248.1 1129.5 565.3 540.5 593.6 896.8 1317.9 
W C 1291.4 1883.1 345.0 1393.7 513.3 633.2 1189.9 742.0 1679.1 1071.4 1826.4 277.6 
F 1756.273539 1871.209309 3.784075
D C 365.1 -288.1 1419.4 -462.9 1739.8 248.5 1128.6 564.8 537.0 589.7 898.0 1319.6 
W C 1291.4 1883.1 342.5 1391.3 512.2 629.8 1191.2 742.8 1679.7 1077.3 1828.0 276.7 
F 1756.271736 1870.453138 3.783179
D C 365.1 -288.1 1413.4 -460.9 1740.2 248.6 1129.9 565.5 538.2 591.0 896.5 1317.5 
W C 1291.3 1882.8 348.1 1393.9 510.9 629.9 1189.4 741.2 1678.8 1074.9 1826.5 278.4 
F 1755.919676 1871.663273 3.784018
D C 364.7 -287.8 1418.5 -462.6 1734.9 247.8 1132.6 566.8 539.8 592.8 897.2 1318.4 
W C 1291.4 1883.6 343.1 1392.2 515.4 633.8 1188.7 739.2 1678.9 1073.6 1827.5 278.6 
F 1756.202974 1872.109390 3.783922
D C 364.9 -287.9 1417.5 -462.3 1738.0 248.2 1131.9 566.5 540.7 593.8 897.5 1318.9 
W C 1291.5 1884.1 344.2 1393.1 513.3 632.2 1189.2 740.5 1679.0 1072.8 1827.7 278.4 
F 1756.658047 1872.090972 3.783578
D C 365.2 -288.2 1416.6 -462.0 1739.8 248.5 1132.5 566.8 539.6 592.6 898.1 1319.8 
W C 1291.5 1884.2 345.5 1393.9 512.0 631.3 1189.0 740.0 1679.3 1074.4 1827.6 277.2 
F 1757.273942 1871.320951 3.782417
D C 365.8 -288.6 1417.7 -457.6 1739.7 248.5 1129.9 565.5 539.5 592.4 897.2 1318.4 
W C 1291.5 1884.0 347.3 1390.5 511.3 632.0 1189.6 742.5 1679.0 1073.9 1826.3 278.1 
F 1755.271724 1873.457042 3.785257
D C 364.1 -287.3 1419.0 -462.8 1739.0 248.4 1133.0 567.0 539.7 592.7 898.8 1320.8 
W C 1291.6 1884.8 342.5 1392.0 513.3 631.2 1189.3 740.0 1679.3 1075.4 1829.0 277.6 
F 1755.798941 1872.886786 3.784931
D C 364.5 -287.7 1416.9 -462.1 1743.3 249.0 1132.5 566.8 539.1 592.1 896.9 1318.1 
W C 1291.6 1884.4 345.0 1392.7 510.4 627.9 1189.7 740.0 1679.6 1075.8 1828.8 280.3 
F 1756.491200 1873.448615 3.785017
D C 365.0 -288.0 1423.0 -464.1 1741.8 248.8 1130.1 565.6 541.0 594.1 897.9 1319.5 
W C 1291.7 1884.9 339.6 1391.0 512.2 629.4 1191.7 743.0 1680.1 1073.6 1829.8 279.1 
F 1756.484275 1871.472166 3.783598
D C 365.2 -288.2 1416.0 -461.8 1740.2 248.6 1131.2 566.1 539.4 592.4 896.8 1317.9 
W C 1291.4 1883.6 345.8 1393.4 511.6 630.4 1189.5 740.7 1679.2 1074.0 1827.4 278.9 
F 1743.550080 1852.083190 3.775632
D C 352.2 -286.8 1402.9 -457.5 1715.5 250.4 1074.3 550.0 518.5 594.6 878.1 1325.0 
W C 1289.9 1874.5 342.2 1389.6 509.8 634.1 1203.9 772.5 1678.1 1065.9 1821.1 264.4 
F 1713.680245 1833.638994 3.782640
D C 313.8 -287.5 1365.2 -463.9 1681.8 240.2 1048.8 549.2 488.9 592.9 846.9 1321.6 
W C 1290.2 1876.4 342.1 1388.9 509.4 635.3 1201.6 766.2 1676.4 1066.1 1825.3 268.0 
F 1684.719773 1824.236483 3.779984
D C 279.2 -282.2 1324.1 -454.4 1640.5 244.6 1000.7 547.8 445.3 586.2 
W C 1292.4 1884.5 350.6 1400.1 513.1 650.2 1207.5 788.0 1676.4 1088.1 
F 1667.385109 1810.588182 3.779276
D C 260.9 -280.4 1277.2 -447.1 1622.9 242.0 985.4 543.3 432.6 584.3 
W C 1290.8 1880.6 375.0 1409.5 507.5 650.0 1199.1 787.4 1667.6 1083.6 
F 1627.102911 1779.868408 3.774108
D C 216.5 -277.0 1229.1 -443.0 1564.3 248.0 933.0 544.7 379.5 588.2 
W C 1288.7 1875.3 373.8 1410.5 512.0 655.1 1196.6 789.0 1668.8 1081.1 
F 1604.422913 1759.534004 3.771594
D C 187.9 -278.9 1197.8 -440.1 1532.9 243.0 902.1 541.6 348.6 590.7 
W C 1288.3 1874.2 377.3 1409.4 509.0 660.1 1194.6 790.5 1670.8 1076.8 
F 1577.543676 1744.387974 3.774186
D C 155.6 -276.2 1169.5 -441.9 1500.5 242.6 873.3 546.4 318.8 593.1 
W C 1288.7 1875.2 373.1 1409.3 510.8 661.6 1196.3 787.4 1671.1 1077.6 
F 1549.082225 1722.293746 3.770486
D C 124.8 -274.1 1131.1 -439.3 1466.0 246.2 832.9 546.4 280.4 594.1 
W C 1286.9 1870.6 375.9 1412.2 508.4 660.8 1197.0 790.5 1671.8 1076.9 
F 1539.805038 1710.253912 3.761646
D C 113.1 -277.2 1117.5 -438.0 1443.4 251.6 818.1 551.1 264.3 597.6 
W C 1286.7 1870.1 375.8 1417.4 511.3 666.8 1194.3 786.4 1671.9 1070.3 
F 1500.040599 1682.483639 3.762472
D C 67.3 -274.8 1066.3 -436.9 1395.6 247.7 770.4 547.0 214.8 601.8 
W C 1285.4 1866.9 378.5 1417.5 508.9 669.1 1191.6 789.4 1675.4 1068.0 
F 1503.949204 1630.571922 3.715570
D C 1026.6 -435.5 1364.7 246.5 735.6 539.4 184.2 595.6 
W C 405.4 1438.8 491.8 682.6 1179.1 778.2 1672.7 1030.4 
F 1475.998910 1610.526261 3.707710
D C 997.1 -433.8 1324.9 251.9 698.2 545.7 146.0 600.5 
W C 401.8 1441.8 492.9 687.3 1179.4 775.5 1674.8 1025.4 
F 1452.506051 1587.148501 3.714403
D C 958.2 -434.5 1292.7 249.9 666.4 544.3 474.7 1317.1 112.0 603.8 
W C 411.8 1432.9 501.6 676.5 1187.5 768.5 1767.4 223.0 1685.7 1019.0 
F 1406.061924 1584.857967 3.737663
D C -47.4 -285.1 925.1 -422.9 1257.2 251.0 631.5 545.5 438.5 1317.1 81.6 604.0 
W C 1285.3 1847.4 403.1 1415.5 506.6 671.3 1189.7 778.9 1782.6 248.7 1677.6 1039.2 
F 1381.546735 1565.790180 3.734861
D C -78.6 -288.4 896.0 -426.3 1220.4 251.5 601.9 546.3 407.1 1316.5 48.0 606.7 
W C 1285.5 1848.8 400.3 1418.3 510.3 675.0 1188.0 776.3 1780.0 246.7 1680.9 1035.9 
F 1359.008466 1524.354428 3.707533
D C 848.2 -429.4 1172.2 252.8 550.1 540.9 358.9 1316.4 -4.2 609.6 
W C 412.8 1432.0 505.1 682.4 1184.7 772.8 1761.9 220.8 1689.4 1012.1 
F 1344.687684 1517.090661 3.705342
D C 833.9 -428.6 1149.7 255.4 535.0 545.7 342.8 1320.9 -21.1 610.9 
W C 410.8 1433.8 509.4 686.9 1184.1 769.9 1760.8 217.4 1688.9 1012.0 
F 1317.837936 1501.307205 3.708886
D C 801.3 -430.7 1119.8 252.3 506.2 542.3 317.0 1321.4 -51.5 614.4 
W C 410.6 1434.0 509.1 686.8 1182.4 771.9 1760.5 216.5 1691.4 1010.8 
F 1269.126869 1475.100536 3.710640
D C 743.2 -420.3 1069.2 254.8 450.7 543.2 262.7 1326.0 -104.8 612.2 
W C 416.6 1428.7 505.7 684.4 1182.1 774.6 1762.3 216.5 1687.2 1015.8 
F 1256.087087 1464.355576 3.713059
D C 724.6 -421.6 1054.6 251.3 437.8 541.0 248.2 1316.0 -122.5 613.4 
W C 418.5 1427.0 505.0 682.6 1180.5 772.5 1759.1 223.2 1690.9 1014.6 
F 1217.039666 1441.024818 3.710453
D C 681.4 -422.0 1006.0 252.8 390.4 541.0 199.3 1322.5 -167.7 618.9 
W C 415.7 1429.6 505.6 686.1 1179.5 774.9 1761.5 219.4 1691.7 1010.0 
F 1202.574078 1433.568835 3.710410
D C 664.2 -417.0 990.9 255.5 375.1 544.0 182.3 1319.4 -184.1 619.0 
W C 418.4 1427.2 505.3 684.6 1179.6 773.2 1759.6 223.8 1691.1 1011.2 
F 1171.840493 1409.606508 3.709109
D C 632.6 -416.4 954.7 261.8 340.5 546.0 145.9 1324.3 
W C 414.5 1420.7 507.6 675.7 1178.2 766.1 1760.7 214.5 
F 1145.089373 1393.579133 3.712286
D C 600.0 -416.4 924.3 259.6 313.0 545.7 117.1 1324.1 
W C 415.2 1419.9 507.5 675.8 1176.5 765.2 1761.8 216.1 
F 1114.154491 1378.968478 3.715188
D C 565.1 -415.8 892.5 259.6 281.0 546.6 85.1 1335.0 
W C 413.8 1421.5 505.3 676.6 1174.8 767.4 1767.1 211.5 
F 1071.668468 1355.689431 3.711488
D C 518.1 -408.9 845.8 268.6 232.5 552.9 27.6 1332.7 
W C 414.8 1420.4 504.5 673.2 1174.2 764.7 1767.5 218.7 
F 1063.670415 1346.631839 3.712932
D C 506.2 -414.8 830.8 263.9 219.6 550.2 23.5 1330.5 
W C 413.6 1421.8 507.5 675.4 1176.5 765.1 1763.4 214.7 
F 1037.664094 1329.379106 3.706415
D C 477.6 -411.3 797.6 264.2 186.2 548.0 -17.4 1336.7 
W C 414.1 1421.2 505.3 679.3 1173.7 766.9 1767.8 209.6 
F 1008.870878 1314.709483 3.713128
D C 442.9 -413.4 768.5 265.0 157.6 551.3 -42.1 1337.7 
W C 412.8 1422.8 505.8 676.1 1174.5 765.8 1767.9 212.3 
F 981.233492 1296.604185 3.707280
D C 412.3 -411.7 732.1 265.1 123.6 552.2 -83.4 1341.0 
W C 412.4 1423.2 505.3 680.4 1172.9 764.2 1770.4 209.2 
F 967.352733 1288.894090 3.708976
D C 396.0 -412.7 718.6 267.7 109.5 552.9 -99.9 1340.5 
W C 411.6 1424.2 505.3 677.0 1172.1 763.7 1772.0 212.1 
F 927.357391 1265.164339 3.706368
D C 351.1 -414.0 669.9 270.9 62.8 555.0 -150.2 1344.9 
W C 409.2 1427.0 506.4 677.8 1171.3 762.7 1774.0 209.5 
F 900.961897 1249.845307 3.706590
D C 320.9 -415.8 639.9 270.2 31.9 553.6 -180.6 1353.2 
W C 407.4 1429.2 505.2 679.0 1170.4 765.2 1778.0 203.6 
F 876.112656 1234.354623 3.706933
D C 291.5 -415.9 612.0 274.1 1.3 557.3 -209.2 1346.5 
W C 407.2 1429.4 506.2 675.1 1173.6 763.0 1774.1 209.5 
F 838.520637 1224.080177 3.708431
D C 259.1 -419.8 579.9 274.8 -29.7 560.6 
W C 394.5 1439.1 496.9 680.8 1164.6 767.1 
F 799.774455 1200.156633 3.706461
D C 214.4 -418.7 534.3 275.6 -76.7 561.9 
W C 394.6 1439.1 496.0 681.3 1165.4 766.6 
F 786.002639 1194.319535 3.703111
D C 201.0 -417.5 520.5 278.7 -95.3 567.1 
W C 393.6 1440.7 493.9 681.3 1168.6 765.0 
F 747.272644 1170.461703 3.700626
D C 156.5 -420.1 471.2 282.9 -139.0 568.0 
W C 391.8 1443.6 497.9 680.7 1166.4 762.7 
F 733.011659 1164.146516 3.696255
D C 142.9 -418.5 452.7 285.2 -155.2 572.6 
W C 391.1 1444.6 498.4 683.3 1166.5 759.1 
F 694.584524 1152.677318 3.688380
D C 110.2 -416.7 423.6 285.4 
W C 383.9 1451.3 481.1 688.7 
F 655.857026 1126.971741 3.680357
D C 66.5 -419.3 375.4 287.9 
W C 383.7 1452.8 481.3 687.2 
F 640.988244 1116.139684 3.673805
D C 49.9 -423.1 356.3 291.0 
W C 383.3 1455.4 481.7 684.6 
F 600.429101 1093.355910 3.671443
D C 4.2 -422.5 309.2 293.0 
W C 383.3 1455.8 481.7 684.2 
F 586.666763 1082.542001 3.666496
D C -11.4 -425.9 290.8 293.1 
W C 383.2 1456.8 481.8 683.2 
F 559.932658 1067.208707 3.658527
D C -39.0 -426.5 257.8 295.7 
W C 383.1 1457.3 481.9 682.7 
F 516.515052 1040.670133 3.649654
D C -86.6 -430.1 204.9 297.1 
W C 382.9 1458.6 482.1 681.4 
F 502.586703 1030.807639 3.646742
D C -102.3 -432.3 187.1 295.9 
W C 382.9 1458.7 482.1 681.3 
F 460.666766 1007.428392 3.636431
D C -146.8 -436.5 137.0 299.6 
W C 382.6 1461.3 482.4 678.7 
F 449.138557 999.410605 3.649104
D C -165.7 -434.5 126.2 295.0 
W C 382.8 1459.7 482.2 680.3 
F 412.470543 973.155659 3.746824
D C 111.4 279.3 
W C 
F 378.795046 925.985871 3.905744
D C 87.3 262.1 -513.4 1503.6 
W C 497.2 676.4 1789.8 195.6 
F 371.445267 911.737772 3.934097
D C 78.5 256.7 -485.0 1510.9 
W C 499.1 675.6 1787.9 196.4 
F 342.516266 868.752154 4.034133
D C 53.9 237.6 -385.1 1552.8 
W C 493.7 677.6 1793.3 194.4 
F 333.444004 854.005450 4.063326
D C 44.0 233.1 -357.2 1562.8 
W C 492.6 678.1 1794.4 193.9 
F 315.970989 825.840752 4.136016
D C 28.3 225.5 -276.6 1587.1 
W C 489.6 679.2 1797.4 192.8 
F 295.869190 785.271693 4.236063
D C 12.0 220.5 
W C 
F 280.352702 743.850632 4.336109
D C -3.5 218.5 
W C 
F 268.593794 700.496328 4.431503
D C -31.5 220.8 
W C 
F 268.593794 700.496328 4.431503
D C 
W C 
F 265.458241 654.791216 4.615309
D C 122.1 1605.2 
W C 
F 271.461694 610.376952 4.813076
D C 253.5 1583.1 
W C 
F 285.237845 568.501663 4.996883
D C 310.7 1567.9 
W C 
F 287.533984 639.957949 4.744285
D C 493.5 1497.5 -73.5 911.2 
W C 1800.0 194.5 1196.0 742.5 
F 294.457105 636.797018 4.781160
D C 546.3 1473.2 -45.1 905.1 
W C 1801.7 193.0 1194.3 744.0 
F 286.353119 565.154731 4.969673
D C 718.3 1366.3 51.8 899.4 -70.7 1510.6 
W C 1790.5 218.2 1169.3 743.9 1729.2 1017.9 
F 324.558858 564.600848 5.036319
D C 821.0 1281.3 108.2 882.4 
W C 1800.5 194.1 1195.5 742.9 
F 332.025141 538.818904 5.096085
D C 865.4 1230.7 138.0 879.0 
W C 1797.2 197.1 1198.8 739.9 
F 359.369384 509.218209 5.237325
D C 990.5 1087.7 221.3 842.1 
W C 1797.0 197.2 1199.0 739.8 
F 368.684229 506.211111 5.283065
D C 1034.3 1035.8 249.3 824.2 
W C 1799.1 195.4 1196.9 741.6 
F 404.233107 464.467792 5.434444
D C 1117.9 868.2 321.9 778.7 
W C 1794.6 199.4 1201.4 737.6 
F 425.426267 455.309858 5.523921
D C 1169.4 756.9 368.4 738.9 
W C 1794.7 199.3 1201.3 737.7 
F 440.942908 441.225638 5.578575
D C 1186.4 692.7 388.9 718.3 
W C 1793.5 200.5 1202.5 736.5 
F 488.891327 426.117707 5.727318
D C 1228.1 496.6 441.6 640.4 
W C 1794.1 199.9 1201.9 737.1 
F 497.159597 424.189622 5.769876
D C 1241.8 441.1 458.4 619.1 
W C 1795.5 198.6 1200.5 738.4 
F 545.326079 410.418651 5.931286
D C 1244.9 232.8 503.6 533.0 
W C 1794.2 199.8 1201.8 737.2 
F 583.355813 406.898443 6.032555
D C 1219.6 102.2 521.9 470.9 
W C 1790.2 203.4 1205.8 733.6 
F 572.580561 349.719590 6.161501
D C 1209.0 41.7 528.2 442.3 598.4 1583.6 
W C 1777.7 244.4 1150.6 724.7 1358.7 1848.9 
F 623.713429 350.338967 6.235294
D C 1155.2 -77.2 513.9 389.1 -227.3 1102.7 
W C 1773.9 217.9 1155.6 714.4 449.5 1462.7 
F 639.742712 350.209487 6.257765
D C 1138.0 -104.2 504.8 377.4 -217.7 1107.8 
W C 1774.7 217.1 1154.0 714.7 450.3 1463.2 
F 693.295244 348.228367 6.296696
D C 1079.7 -145.8 471.7 359.5 -234.2 1119.0 
W C 1774.9 217.0 1160.1 714.0 444.0 1464.0 
F 710.534938 350.683046 6.299025
D C 1061.5 -150.0 458.2 358.1 -251.2 1114.9 
W C 1774.3 217.5 1163.0 716.0 441.7 1461.4 
F 757.976404 350.781007 0.014816
D C 1016.0 -149.9 411.8 358.0 -302.9 1118.1 
W C 1776.1 215.9 1164.4 714.8 438.5 1464.3 
F 780.515064 352.511060 0.039228
D C 985.4 -154.7 381.6 355.0 618.0 1482.2 -325.8 1120.5 
W C 1771.2 236.6 1147.9 722.3 1339.9 1857.8 411.0 1459.4 
F 806.787484 347.863042 0.023854
D C 965.4 -154.6 363.7 357.6 -338.5 1125.2 
W C 1775.6 216.3 1161.8 714.0 441.6 1464.7 
F 856.248550 347.367483 0.030790
D C 920.6 -156.1 865.4 667.9 316.4 356.2 -393.2 1128.9 
W C 1781.2 219.7 1700.7 1041.6 1161.6 713.1 428.5 1463.6 
F 900.264800 362.465582 0.014309
D C 887.6 -156.1 828.7 664.3 284.4 355.9 
W C 1790.0 219.0 1719.4 1038.5 1179.6 722.4 
F 936.195639 360.247418 0.019939
D C 850.6 -157.7 797.1 663.4 250.3 355.9 
W C 1789.8 219.5 1719.9 1039.4 1179.3 721.1 
F 968.288116 361.868935 0.023042
D C 818.5 -162.2 765.7 657.4 220.1 357.8 
W C 1790.3 218.6 1718.6 1036.7 1180.1 724.7 
F 984.569768 362.002697 0.026899
D C 802.3 -166.7 749.5 655.6 206.9 358.1 
W C 1791.1 217.0 1716.2 1037.5 1181.7 725.5 
F 1030.821783 364.470212 0.021750
D C 758.5 -167.3 700.8 660.0 156.1 358.9 
W C 1792.8 213.7 1717.1 1039.6 1179.1 726.7 
F 1050.000873 364.455590 0.022616
D C 739.3 -167.8 679.8 660.2 139.5 359.2 
W C 1793.0 213.4 1714.7 1039.9 1181.4 726.7 
F 1096.823373 363.672744 0.024923
D C 693.8 -171.0 631.8 664.6 94.7 360.3 
W C 1794.7 210.0 1711.8 1043.8 1182.5 726.2 
F 1125.839748 369.451902 0.016439
D C 666.3 -170.7 595.6 658.1 63.8 362.6 
W C 1794.9 209.7 1710.5 1037.2 1183.7 733.1 
F 1142.805255 368.968022 0.022350
D C 648.8 -174.7 583.1 656.4 47.9 363.1 
W C 1795.3 208.8 1711.1 1038.2 1182.6 733.0 
F 1188.959782 371.353194 0.020500
D C 603.7 -176.6 536.2 654.4 -0.3 365.0 
W C 1796.2 207.2 1711.6 1036.6 1181.2 736.2 
F 1222.552762 371.726651 0.018528
D C 570.1 -174.4 500.0 654.1 -32.9 366.1 
W C 1795.8 207.9 1710.4 1034.9 1182.8 737.1 
F 1252.901501 375.255643 0.015189
D C 540.6 -176.3 467.2 651.6 -64.7 364.7 
W C 1796.2 207.2 1710.2 1033.9 1182.7 738.9 
F 1286.158090 377.291171 0.080869
D C 495.0 -211.8 473.4 623.2 -72.1 366.8 
W C 1796.6 206.2 1707.7 1036.7 1184.7 737.1 
F 1305.713325 378.955354 0.120994
D C 467.3 -233.0 477.6 609.1 -77.0 367.7 
W C 1797.8 204.1 1706.3 1041.2 1184.9 734.7 
F 1338.455209 398.642850 0.291176
D C 384.1 -301.2 513.5 530.3 421.7 1394.0 -68.8 368.2 
W C 1792.8 220.4 1678.1 1054.0 1342.2 1855.0 1166.8 731.6 
F 1377.063584 419.748223 0.437926
D C 292.0 -357.5 542.5 445.9 577.0 1315.3 -59.0 372.3 
W C 1793.1 219.8 1679.3 1053.7 1341.9 1855.7 1165.8 731.9 
F 1390.229913 432.472780 0.488393
D C 255.9 -377.3 547.0 414.2 621.5 1275.8 -54.4 372.7 
W C 1793.3 219.3 1678.9 1054.9 1340.5 1850.7 1167.3 736.1 
F 1424.670916 443.691276 0.561938
D C 187.9 -402.9 556.5 357.8 -47.5 373.2 
W C 1798.4 202.9 1704.9 1043.0 1185.7 734.2 
F 1432.821797 472.973399 0.679454
D C 120.7 -424.8 560.1 299.9 791.8 1126.0 -41.8 374.4 
W C 1793.7 218.4 1680.1 1058.3 1341.2 1846.4 1165.1 737.9 
F 1450.853365 497.583571 0.781909
D C 45.3 -442.5 558.3 237.8 874.6 1034.6 -34.7 373.1 
W C 1794.8 215.5 1679.4 1059.7 1342.5 1848.0 1163.3 737.9 
F 1472.456026 500.248348 0.807444
D C 8.6 -446.6 556.9 207.5 -31.4 374.2 
W C 1801.0 197.7 1707.5 1046.0 1180.4 736.3 
F 1477.407670 542.031409 0.982725
D C -104.3 -453.2 534.5 120.4 998.4 846.7 194.9 1410.6 -21.0 374.8 
W C 1796.6 203.8 1673.7 1053.5 1326.9 1842.4 411.9 1486.7 1153.9 732.5 
F 1485.286759 561.005075 1.091444
D C -178.0 -446.0 512.5 55.6 1055.3 725.2 322.9 1383.0 -9.3 369.3 -318.6 961.9 
W C 1798.9 197.4 1672.3 1041.4 1328.6 1831.8 407.0 1485.4 1153.3 723.0 484.9 722.0 
F 1492.182988 592.392656 1.228139
D C 488.7 -19.1 1115.7 575.6 473.2 1325.7 13.1 361.8 -220.7 993.5 
W C 1674.4 1046.2 1324.9 1836.7 402.6 1483.5 1155.8 726.3 482.3 718.3 
F 1489.738649 625.969257 1.350079
D C 456.0 -83.1 1153.1 425.6 612.4 1247.4 33.3 351.8 
W C 1670.6 1052.7 1326.9 1844.2 406.6 1496.6 1153.8 735.5 
F 1496.573772 659.733790 1.546320
D C 388.3 -177.5 791.3 1096.5 58.8 334.4 
W C 1683.5 1043.6 419.7 1477.7 1163.7 726.7 
F 1482.201568 682.907802 1.606653
D C 361.4 -204.4 1167.8 112.3 848.8 1048.9 66.9 327.2 
W C 1673.5 1051.4 1328.1 1846.0 403.6 1493.5 1152.8 738.1 
F 1473.064821 711.664862 1.743050
D C 299.1 -257.6 1139.5 -48.1 958.3 919.4 80.4 309.7 
W C 1675.6 1050.5 1325.2 1842.5 403.0 1498.2 1154.2 737.8 
F 1463.954442 741.362254 1.876661
D C 230.0 -296.1 1093.5 -195.8 1039.4 787.0 91.0 291.0 
W C 1677.1 1049.9 1321.4 1843.1 400.5 1495.5 1159.1 740.5 
F 1446.655617 765.095649 2.006646
D C 160.0 -329.9 1025.6 -345.0 1108.0 642.3 100.3 272.9 
W C 1678.1 1049.4 1326.4 1840.5 396.6 1498.3 1156.9 740.8 
F 1433.582477 774.771506 2.065678
D C 126.2 -345.2 988.0 -411.9 1127.3 564.2 103.5 264.0 
W C 1677.4 1049.7 1326.9 1839.9 401.7 1498.9 1152.1 740.4 
F 1403.779469 797.888507 2.240883
D C 21.0 -374.4 861.3 -590.0 1181.2 351.4 111.6 238.2 
W C 1684.2 1046.8 1331.3 1839.4 394.8 1505.4 1147.8 737.4 
F 1375.692881 821.346181 2.329490
D C -50.1 -379.6 773.3 -670.2 1165.1 240.1 99.6 227.0 
W C 1685.7 1046.2 1330.1 1843.7 399.9 1501.7 1142.4 737.4 
F 1354.025774 841.040379 2.379176
D C -106.3 -380.6 702.3 -697.0 1136.0 194.4 558.8 694.9 69.4 222.0 
W C 1693.7 1042.9 1327.5 1830.2 398.2 1485.1 470.0 724.5 1150.5 728.4 
F 1350.122860 903.129460 2.490571
D C 638.2 -720.6 1103.8 147.3 549.8 679.4 42.0 219.2 
W C 1279.2 1863.1 382.9 1454.8 501.1 695.9 1183.8 754.2 
F 1313.094604 935.421236 2.498041
D C 583.9 -723.9 1056.0 144.2 505.9 678.8 -5.6 223.2 
W C 1280.3 1864.8 381.8 1453.7 501.1 696.0 1183.7 753.5 
F 1296.954381 945.224704 2.493874
D C 568.0 -722.2 1029.5 143.8 487.8 675.9 -21.7 225.9 
W C 1279.7 1863.9 389.2 1451.7 500.1 700.5 1178.0 751.9 
F 1264.630461 964.614064 2.487797
D C 539.2 -725.9 994.3 145.1 452.1 682.3 
W C 1278.1 1868.8 387.1 1454.1 490.8 698.0 
F 1240.182795 987.992206 2.493631
D C 502.1 -721.1 959.5 143.1 423.8 679.6 
W C 1275.1 1866.0 388.8 1453.1 492.1 702.0 
F 1215.010439 1007.187716 2.490147
D C 472.7 -720.6 927.4 144.1 389.9 684.6 
W C 1276.0 1866.8 390.1 1454.9 489.9 699.2 
F 1191.530061 1026.220237 2.493809
D C 439.7 -722.3 894.6 141.8 365.5 685.0 
W C 1276.7 1867.5 392.6 1453.0 486.7 700.5 
F 1164.209818 1046.312213 2.490170
D C 408.0 -724.1 862.3 144.8 327.5 688.2 
W C 1278.8 1869.5 390.7 1454.0 486.5 697.6 
F 1128.033095 1076.916472 2.486375
D C 363.4 -720.5 813.0 149.4 278.9 692.8 
W C 1279.0 1869.6 392.3 1453.8 484.7 697.5 
F 1113.347619 1084.332764 2.485563
D C 347.9 -722.6 793.1 145.8 265.8 690.5 
W C 1278.5 1869.2 396.0 1452.6 481.5 699.3 
F 1087.020388 1105.931815 2.486082
D C 313.2 -723.1 758.5 146.6 233.0 692.6 
W C 1279.5 1870.1 396.4 1452.0 480.1 698.9 
F 1047.188155 1134.995194 2.485792
D C 264.4 -723.1 708.3 143.7 184.1 692.2 
W C 1278.6 1869.3 398.2 1453.0 479.2 698.7 
F 1034.247850 1145.543185 2.484056
D C 249.0 -721.9 691.2 144.6 166.4 693.4 
W C 1278.4 1869.1 398.8 1453.5 478.8 698.4 
F 997.128011 1175.568477 2.484134
D C 200.8 -723.4 644.3 145.2 118.3 697.5 
W C 1280.3 1870.9 398.4 1454.4 477.3 695.8 
F 976.412528 1197.850948 2.512032
D C 625.4 147.0 103.3 700.2 
W C 384.4 1447.3 480.6 692.7 
F 960.703617 1205.950766 2.484006
D C 153.4 -722.0 592.6 145.0 75.1 701.7 
W C 1280.6 1871.1 403.0 1453.3 472.4 696.5 
F 915.111242 1246.816558 2.513928
D C 548.2 148.5 25.4 704.5 
W C 384.2 1448.5 480.8 691.5 
F 909.524968 1242.854361 2.477019
D C 94.8 -727.4 530.3 145.4 6.0 704.9 
W C 1283.5 1873.9 402.4 1455.4 470.1 691.7 
F 877.963103 1261.514755 2.581753
D C -17.4 -730.3 501.2 85.8 46.7 697.9 
W C 1280.5 1871.1 407.7 1455.0 467.8 694.9 
F 866.236579 1263.178501 2.637149
D C -69.5 -734.5 488.2 51.5 80.8 694.3 
W C 1282.1 1872.6 414.0 1454.1 459.9 694.4 
F 844.207173 1263.577592 2.791015
D C -201.2 -720.6 470.1 -31.4 163.9 665.1 
W C 1280.7 1871.2 413.5 1454.5 461.9 695.2 
F 822.059425 1266.531350 2.933119
D C -325.3 -689.0 438.1 -100.9 236.4 637.5 
W C 1282.9 1873.3 414.3 1455.9 458.8 691.8 
F 782.234914 1282.179692 3.161470
D C 394.8 -176.1 312.9 586.5 
W C 384.0 1450.4 481.0 689.6 
F 748.821709 1268.462308 3.402202
D C 305.4 -271.4 408.1 491.9 
W C 383.8 1451.9 481.2 688.1 
F 739.587130 1260.353070 3.477842
D C 272.6 -298.5 432.8 455.2 
W C 383.7 1452.2 481.3 687.8 
F 731.113141 1244.375518 3.655661
D C 197.6 -343.3 477.5 375.6 -139.4 637.0 
W C 390.2 1446.1 500.0 682.6 1165.7 758.3 
F 718.219758 1227.585563 3.811109
D C 121.6 -374.7 509.4 295.3 -59.8 642.2 
W C 390.3 1446.0 502.1 679.9 1163.6 761.1 
F 707.434372 1207.910877 3.953821
D C 44.4 -397.5 526.6 212.9 9.4 643.2 
W C 388.4 1449.1 499.7 679.2 1167.8 758.7 
F 699.634047 1174.378900 4.181072
D C -79.6 -408.3 527.6 77.0 122.2 616.6 
W C 388.0 1449.9 498.7 680.5 1169.3 756.6 
F 690.517135 1175.778139 4.251681
D C -117.1 -404.9 518.4 38.6 154.2 601.9 -301.8 992.1 
W C 379.9 1460.6 494.7 694.3 1161.1 770.1 1713.4 1005.0 
F 681.598240 1138.149474 4.484704
D C 484.2 -80.6 250.5 552.4 -114.8 1028.0 
W C 493.8 684.6 1163.2 769.5 1709.0 1017.9 
F 687.137623 1124.400576 4.567681
D C 463.7 -129.5 284.9 522.4 -45.0 1028.0 
W C 492.2 684.3 1163.0 767.1 1710.8 1020.6 
F 692.990620 1101.089142 4.709434
D C 417.6 -200.3 332.5 472.9 77.4 1016.9 
W C 491.5 684.1 1164.9 767.2 1709.6 1020.7 
F 709.498673 1063.866991 4.871937
D C 340.7 -282.7 370.5 402.0 195.8 988.2 
W C 484.5 682.6 1165.2 761.9 1716.3 1027.6 
F 710.883634 1044.727824 4.879850
D C 319.3 -281.9 353.5 402.9 185.7 984.8 
W C 486.1 682.9 1167.0 763.3 1712.8 1025.8 
F 735.697087 985.943319 4.943181
D C 240.6 -305.9 991.3 835.3 327.0 374.9 198.7 971.5 
W C 493.0 681.8 1775.6 212.0 1175.5 753.4 1726.9 1014.8 
F 740.041469 964.108494 4.955913
D C 214.0 -309.4 977.9 824.1 314.1 371.6 186.3 971.4 
W C 491.4 681.8 1775.6 213.8 1176.4 748.9 1727.7 1017.6 
F 744.571214 931.106467 4.963669
D C 178.8 -306.2 951.2 821.8 285.9 373.9 158.4 970.3 
W C 492.4 681.8 1777.0 214.1 1177.8 747.2 1723.8 1018.9 
F 754.568300 882.370829 4.965345
D C 128.9 -302.7 907.0 823.3 235.7 375.3 107.0 971.2 
W C 493.7 681.8 1778.7 210.2 1176.9 748.1 1721.6 1021.9 
F 757.565228 867.775178 4.966321
D C 113.7 -302.3 890.0 822.9 222.3 376.8 94.9 971.5 
W C 493.5 681.8 1777.6 213.1 1178.1 747.2 1721.8 1019.9 
F 772.632228 822.791859 4.962603
D C 66.0 -310.7 840.0 820.9 174.6 375.8 44.1 974.0 
W C 487.9 681.9 1775.9 212.2 1179.9 746.7 1727.2 1021.2 
F 781.913399 791.329869 4.961870
D C 33.1 -313.4 805.3 821.5 142.7 377.7 11.2 970.1 
W C 486.3 681.9 1776.8 213.8 1183.2 746.3 1724.7 1020.0 
F 786.720976 777.591992 4.959213
D C 19.5 -314.1 787.0 817.8 126.4 379.8 -3.7 969.8 
W C 486.9 681.9 1772.0 214.2 1185.9 747.8 1726.2 1018.1 
F 801.982851 729.042199 4.958731
D C -32.5 -322.0 739.6 817.2 75.5 375.2 -57.4 971.4 
W C 481.8 682.0 1774.9 211.1 1184.3 747.3 1730.1 1021.6 
F 805.479201 714.784118 4.959724
D C -47.5 -322.1 722.7 813.6 62.7 376.4 -69.6 973.6 
W C 481.5 682.0 1771.2 213.2 1185.8 746.2 1732.5 1020.6 
F 837.761094 668.160897 5.009068
D C -112.3 -327.2 725.8 768.1 37.2 368.9 
W C 492.0 679.9 1784.5 198.7 1201.4 740.4 
F 857.434251 632.215939 5.081059
D C 737.4 716.2 29.7 360.8 
W C 1791.3 202.4 1204.7 734.6 
F 876.911859 604.569750 5.147513
D C 749.0 659.2 21.4 352.5 
W C 1790.4 203.2 1205.6 733.8 
F 891.451596 579.801005 5.207674
D C 758.7 612.0 13.7 349.5 
W C 1790.5 203.1 1205.5 733.9 
F 902.001487 563.745363 5.240777
D C 758.2 585.2 7.2 348.2 
W C 1789.6 203.9 1206.4 733.1 
F 928.880533 531.697787 5.334653
D C 770.6 508.9 -4.5 342.3 
W C 1791.6 202.2 1204.4 734.8 
F 942.085722 517.806469 5.373003
D C 766.6 476.4 -6.5 341.0 
W C 1788.7 204.8 1207.3 732.2 
F 966.993503 465.360017 5.520267
D C 760.5 392.3 151.5 927.9 -23.1 337.4 
W C 1787.8 223.4 1717.7 1031.4 1183.5 725.2 
F 991.843720 448.779218 5.585303
D C 755.6 338.4 180.4 910.6 -30.4 337.6 
W C 1788.3 222.5 1715.2 1030.6 1185.5 726.9 
F 1006.183515 443.704324 5.643493
D C 757.7 290.3 220.0 892.9 -24.9 334.6 
W C 1787.4 224.3 1715.7 1028.7 1185.9 727.0 
F 1044.285777 427.639877 5.787665
D C 753.6 172.2 303.5 850.2 -19.5 330.7 
W C 1789.1 220.9 1715.6 1031.3 1184.3 727.8 
F 1073.002568 419.314043 5.877485
D C 738.4 98.5 347.6 819.4 -20.3 325.7 
W C 1790.4 218.4 1715.7 1035.0 1182.9 726.5 
F 1100.031845 417.086145 5.966227
D C 717.3 27.0 393.3 776.9 -18.0 321.5 
W C 1790.0 219.1 1715.9 1032.7 1183.1 728.2 
F 1132.293814 414.587915 6.061381
D C 686.3 -48.0 429.1 732.3 -16.8 318.1 
W C 1791.2 216.8 1712.0 1034.5 1185.8 728.7 
F 1143.642046 416.230477 6.098662
D C 674.1 -78.4 446.2 710.7 -17.8 317.5 
W C 1791.9 215.4 1712.7 1033.0 1184.4 731.6 
F 1188.607757 421.348103 6.251095
D C 609.6 -186.5 504.6 627.4 -14.5 310.6 
W C 1791.9 215.4 1713.0 1032.3 1184.0 732.3 
F 1204.527837 426.792207 6.376598
D C 563.9 -251.5 530.6 579.1 277.6 1401.2 -14.4 307.3 
W C 1789.4 229.0 1678.8 1052.9 1350.2 1847.7 1161.5 731.4 
F 1252.677196 435.378281 6.389859
D C 514.5 -280.6 518.6 548.9 -35.7 302.6 
W C 1794.1 211.1 1709.9 1036.4 1185.0 732.5 
F 1288.286256 441.372109 6.447874
D C 462.0 -312.3 514.2 521.3 -55.7 302.8 
W C 1795.2 209.1 1710.1 1040.0 1183.7 731.0 
F 1295.968758 439.163149 6.513152
D C 438.5 -324.7 505.4 512.4 343.0 1356.1 
W C 1796.9 223.0 1671.3 1053.3 1320.8 1837.7 
F 1357.239553 439.212604 6.502396
D C 383.7 -330.5 458.1 506.2 
W C 1803.7 200.0 1694.3 1033.0 
F 1364.142237 453.807561 0.237035
D C 366.5 -329.6 439.9 510.8 282.2 1358.8 
W C 1797.7 219.5 1671.8 1053.6 1319.4 1840.9 
F 1414.093640 466.517280 0.239524
D C 314.1 -329.4 389.6 509.6 234.2 1355.6 
W C 1797.4 221.0 1671.7 1054.0 1320.0 1839.0 
F 1456.262277 460.838266 0.221204
D C 281.4 -334.0 358.1 509.2 
W C 1804.1 196.8 1693.9 1036.2 
F 1462.427237 474.951315 0.241997
D C 264.3 -331.8 342.2 513.0 188.3 1362.5 
W C 1798.6 216.1 1671.7 1055.0 1318.7 1842.9 
F 1523.837257 472.771120 0.225616
D C 211.3 -333.1 291.9 512.5 
W C 1804.3 195.4 1693.7 1037.6 
F 1573.156820 483.884293 0.220571
D C 162.4 -332.1 238.8 514.0 
W C 1804.3 195.3 1693.7 1037.7 
F 1591.503299 485.466541 0.222038
D C 143.5 -331.4 221.4 517.6 
W C 1804.5 193.9 1693.5 1039.1 
F 1603.844605 507.839217 0.269901
D C 109.7 -338.3 205.5 510.3 87.2 1366.9 
W C 1799.8 211.0 1665.8 1054.5 1323.4 1848.5 
F 1633.278966 525.705444 0.340494
D C 51.7 -354.2 204.8 495.6 152.2 1344.3 
W C 1800.3 209.1 1660.9 1061.2 1327.8 1843.7 
F 1660.908221 541.700130 0.399610
D C -2.0 -366.8 201.7 479.7 201.0 1334.0 
W C 1801.8 203.0 1660.1 1062.1 1327.1 1848.9 
F 1703.762212 569.167234 0.500213
D C -89.3 -367.3 193.6 452.6 287.5 1303.5 
W C 1801.6 204.0 1656.6 1059.2 1330.9 1850.8 
F 1733.348450 563.767382 0.491708
D C -114.9 -367.4 192.3 445.6 
W C 1805.6 185.6 1692.4 1047.4 
F 1733.348450 563.767382 0.491708
D C 188.6 433.5 
W C 
F 1809.894388 610.139400 0.700141
D C 180.2 421.1 -535.6 1553.0 
W C 1676.3 1048.3 399.7 1452.7 
F 1825.756453 637.417864 0.807704
D C 191.5 396.3 -394.3 1589.8 
W C 1671.8 1049.7 404.2 1451.3 
F 1834.943775 647.503855 0.849861
D C 195.4 385.9 -341.6 1607.4 
W C 1674.0 1049.0 402.0 1452.0 
F 1863.635598 691.679663 0.998418
D C 197.8 352.4 -152.7 1641.1 
W C 1674.6 1048.8 401.4 1452.2 
F 1863.635598 691.679663 0.998418
D C 201.8 323.6 
W C 
F 1884.392465 759.867207 1.179031
D C 186.7 307.7 73.9 1631.5 
W C 1671.3 1049.9 404.7 1451.1 
F 1900.243625 801.671862 1.227777
D C 156.7 300.3 108.7 1625.6 
W C 1670.1 1050.2 405.9 1450.8 
F 1960.022174 911.219911 1.347578
D C 777.9 870.3 142.8 297.7 130.5 1647.7 
W C 1283.6 1862.5 1701.3 1116.3 382.1 1403.2 
F 1961.708485 956.793845 1.357831
D C 744.5 853.8 91.7 296.6 109.0 1630.4 
W C 1284.6 1865.0 1691.2 1109.1 391.2 1407.9 
F 1945.718272 947.873783 1.386297
D C 769.1 794.2 75.3 286.5 
W C 1306.1 1849.6 1677.9 1074.4 
F 1946.501352 982.426432 1.463154
D C 796.1 731.6 59.8 275.2 
W C 1304.6 1852.6 1679.4 1071.4 
F 1945.860938 1023.592899 1.529611
D C 798.9 673.2 39.8 269.8 
W C 1306.1 1849.5 1677.9 1074.5 
F 1931.072100 1047.218184 1.569041
D C 806.7 646.7 27.1 268.4 -373.5 1413.0 
W C 1285.8 1855.1 1662.7 1074.8 517.5 676.2 
F 1953.538862 1132.195789 1.696575
D C 816.6 568.6 474.0 1516.4 -0.2 265.4 
W C 1287.0 1871.0 389.7 1412.2 1690.3 1098.7 
F 1939.942340 1116.992789 1.726404
D C 572.4 1473.6 -29.0 267.1 
W C 395.5 1454.1 1680.5 1046.9 
F 1914.417518 1180.991357 1.787261
D C 817.8 457.5 599.2 1437.2 
W C 1292.0 1881.5 382.0 1457.5 
F 1901.891684 1213.717648 1.856700
D C 813.0 394.5 662.2 1391.8 
W C 1294.1 1882.5 379.9 1456.5 
F 1888.828261 1245.973213 1.917742
D C 801.2 338.3 710.7 1352.0 
W C 1298.2 1884.4 375.8 1454.6 
F 1863.449312 1276.695985 1.993579
D C 783.6 281.0 764.5 1295.6 35.1 1477.0 
W C 1285.7 1876.0 368.2 1442.3 502.1 702.8 
F 1838.789315 1308.183702 2.077019
D C 764.5 209.6 833.2 1216.3 116.1 1466.2 
W C 1284.8 1875.1 371.0 1447.1 500.2 698.8 
F 1830.034296 1320.815548 2.112645
D C 750.4 188.6 850.1 1201.2 138.7 1465.5 -131.7 814.5 
W C 1281.4 1866.5 362.5 1429.7 503.0 683.9 1200.1 787.9 
F 1809.117659 1348.422118 2.184834
D C 727.1 133.6 899.2 1132.4 210.0 1454.1 -106.8 819.3 
W C 1280.9 1865.7 365.5 1430.9 499.6 682.3 1201.0 789.1 
F 1787.937446 1378.999466 2.256755
D C 698.3 82.3 944.5 1076.4 270.3 1433.5 -82.0 825.8 
W C 1281.9 1867.2 356.8 1428.1 507.4 680.2 1200.9 792.5 
F 1761.263406 1402.092118 2.317540
D C 666.6 37.4 967.4 1005.2 325.5 1413.6 -64.3 828.6 
W C 1281.1 1865.9 366.4 1429.3 502.7 680.7 1196.8 792.1 
F 1729.083982 1433.324187 2.411049
D C 622.5 -24.4 1014.1 914.9 411.7 1376.0 -33.9 834.3 
W C 1281.7 1866.9 363.3 1428.6 504.3 683.2 1197.7 789.3 
F 1713.068644 1439.712889 2.448725
D C 604.6 -51.6 1023.5 862.5 449.3 1363.5 -13.3 827.0 
W C 1280.8 1865.6 374.6 1429.8 496.5 677.6 1195.1 794.9 
F 1686.491858 1457.473614 2.506755
D C 568.7 -89.3 1040.7 798.1 498.2 1330.7 -0.6 831.2 
W C 1281.5 1866.6 375.2 1432.0 496.2 681.5 1194.1 787.9 
F 1658.369178 1474.661272 2.578416
D C 527.9 -130.1 1061.6 724.8 555.9 1288.5 29.9 827.4 
W C 1281.4 1866.5 373.7 1428.6 500.4 681.9 1191.4 791.0 
F 1631.597244 1487.479735 2.637660
D C 489.8 -161.4 1074.0 658.4 599.7 1250.5 49.9 822.7 
W C 1280.6 1865.3 373.2 1429.6 502.6 682.0 1190.6 791.1 
F 1582.301882 1504.815606 2.706556
D C 424.9 -203.8 1063.6 573.7 634.1 1206.3 54.5 815.3 
W C 1282.9 1868.7 376.0 1432.8 498.9 678.1 1189.3 788.4 
F 1567.922501 1513.691021 2.704405
D C 408.4 -202.0 1043.3 583.6 616.2 1207.9 36.9 814.5 
W C 1283.5 1869.6 375.6 1426.7 498.3 680.3 1189.6 791.4 
F 1540.674817 1524.725067 2.699835
D C 380.0 -201.3 1007.7 584.2 584.3 1208.8 4.4 815.2 
W C 1283.2 1869.1 379.9 1427.4 495.7 681.8 1188.2 789.6 
F 1516.186337 1510.078719 2.660230
D C 962.2 581.7 529.8 1207.7 -43.5 821.1 
W C 394.0 1439.9 487.4 684.9 1174.5 762.1 
F 1482.169802 1554.024442 2.699040
D C 314.8 -199.0 943.1 578.1 513.7 1211.2 -58.9 823.9 
W C 1282.9 1868.7 382.4 1435.5 499.2 679.5 1182.5 784.3 
F 1438.209323 1576.252177 2.698442
D C 265.7 -198.0 891.4 580.9 465.3 1208.9 -108.0 828.4 
W C 1283.1 1869.0 383.8 1433.7 499.5 683.7 1180.6 781.6 
F 1434.774270 1566.707494 2.676766
D C 869.8 582.1 451.0 1216.1 -123.8 830.4 
W C 396.3 1436.2 486.5 681.8 1173.2 768.9 
F 1387.129949 1588.344698 2.677951
D C 819.7 578.2 395.0 1211.1 -171.4 832.0 
W C 395.4 1437.7 492.2 681.7 1168.4 767.5 
F 1357.587125 1605.569172 2.684244
D C 786.8 577.0 369.8 1208.9 -199.2 836.0 
W C 396.8 1435.3 492.0 684.2 1167.2 767.5 
F 1343.960487 1611.494036 2.721800
D C 791.9 547.7 397.6 1194.2 -178.9 841.8 
W C 397.6 1434.1 494.2 683.0 1164.2 769.9 
F 1314.830919 1623.042791 2.796017
D C 800.5 487.3 456.3 1164.3 -151.4 853.1 
W C 396.6 1435.7 491.1 682.2 1168.3 769.1 
F 1280.509832 1636.251085 2.857439
D C 792.5 440.1 486.3 1136.8 -131.6 864.4 
W C 396.5 1435.9 495.0 681.4 1164.5 769.6 
F 1232.341194 1641.016228 2.960074
D C 783.9 354.0 551.8 1073.5 -89.2 871.4 
W C 397.4 1434.4 495.8 684.8 1162.8 767.9 
F 1208.037524 1646.278555 3.006538
D C 773.2 321.0 577.4 1051.0 -73.1 872.3 
W C 398.6 1432.4 494.4 682.6 1163.0 772.0 
F 1174.060312 1646.614272 3.073241
D C 760.3 264.8 611.3 1007.6 -49.1 875.8 
W C 397.4 1434.3 495.4 683.2 1163.2 769.5 
F 1127.603777 1652.810708 3.079168
D C 717.7 259.9 567.3 1010.5 -90.0 879.8 
W C 395.1 1438.2 498.3 679.7 1162.6 769.1 
F 1109.244041 1655.017957 3.082705
D C 700.2 258.4 553.8 1008.0 -106.8 882.8 
W C 395.0 1438.2 497.0 681.3 1163.9 767.4 
F 1057.706683 1661.995244 3.081907
D C 647.3 264.1 502.1 1014.8 -159.5 883.0 
W C 395.8 1437.0 496.0 678.9 1164.2 771.1 
F 1040.368570 1663.876113 3.082986
D C 631.6 262.2 485.8 1013.0 -177.4 888.3 
W C 394.5 1439.1 496.1 681.1 1165.4 766.7 
F 1007.428496 1666.534013 3.080445
D C 597.3 265.3 449.4 1015.8 -211.3 886.6 
W C 395.1 1438.2 496.8 680.1 1164.1 768.7 
F 960.136065 1670.174004 3.079809
D C 549.5 266.6 401.0 1013.9 -258.8 889.9 
W C 395.2 1438.0 497.3 683.0 1163.5 766.0 
F 942.913969 1674.778957 3.084761
D C 534.7 265.6 387.7 1016.7 -272.4 895.5 
W C 394.0 1440.0 498.0 681.7 1164.0 765.3 
F 889.955279 1681.246004 3.068136
D C 487.4 268.7 335.3 1017.6 
W C 384.1 1449.0 480.9 691.0 
F 857.692318 1680.923448 3.068564
D C 455.4 265.9 303.6 1014.8 
W C 384.1 1449.0 480.9 691.0 
F 836.880833 1687.052949 3.076554
D C 436.2 267.4 290.6 1016.7 
W C 384.2 1448.6 480.8 691.4 
F 792.396672 1690.354566 3.068497
D C 389.4 271.1 237.9 1018.8 
W C 384.2 1448.4 480.8 691.6 
F 775.668416 1692.902110 3.066291
D C 372.0 272.8 218.6 1021.1 
W C 384.2 1448.8 480.8 691.2 
F 731.510972 1697.426652 3.065898
D C 327.8 272.8 173.6 1023.7 
W C 384.0 1450.2 481.0 689.8 
F 715.426809 1699.731020 3.063388
D C 311.1 273.8 154.6 1026.0 
W C 383.9 1451.1 481.1 688.9 
F 679.031633 1705.084090 3.065190
D C 275.0 275.4 119.7 1028.7 
W C 383.8 1451.5 481.2 688.5 
F 638.518972 1706.856900 3.073243
D C 236.5 272.9 87.6 1026.0 
W C 383.9 1450.7 481.1 689.3 
F 641.231593 1706.220987 3.073187
D C 238.9 274.0 90.6 1024.0 
W C 384.1 1449.2 480.9 690.8 
F 643.257025 1705.763571 3.070857
D C 240.1 275.4 90.5 1022.8 
W C 384.3 1448.1 480.7 691.9 
F 642.926651 1703.487834 3.070402
D C 239.5 274.7 90.1 1019.0 
W C 384.5 1446.5 480.5 693.5 
F 640.834645 1706.303294 3.073640
D C 238.7 273.7 90.6 1024.2 
W C 384.1 1449.4 480.9 690.6 
F 640.727078 1706.515901 3.073830
D C 238.7 273.7 90.6 1024.6 
W C 384.1 1449.6 480.9 690.4 
F 641.677572 1706.326914 3.072747
D C 239.2 274.3 90.6 1024.1 
W C 384.1 1449.1 480.9 690.9 
