F 1850.000000 1897.000000 3.717551
E 0.000000 100.000000 100.000000 0.174533
F 1850.000000 1897.000000 3.717551
E 0.000000 100.000000 100.000000 0.174533
F 1850.000000 1897.000000 3.717551
E 0.000000 100.000000 100.000000 0.174533
F 1850.000000 1897.000000 3.717551
E 0.000000 100.000000 100.000000 0.174533
F 1850.000000 1897.000000 3.717551
E 0.000000 100.000000 100.000000 0.174533
F 1850.000000 1897.000000 3.717551
E 0.000000 100.000000 100.000000 0.174533
F 1850.000000 1897.000000 3.717551
E 0.000000 100.000000 100.000000 0.174533
F 1850.000000 1897.000000 3.717551
E 0.000000 100.000000 100.000000 0.174533
F 1850.000000 1897.000000 3.717551
E 0.000000 100.000000 100.000000 0.174533
F 1850.000000 1897.000000 3.717551
E 0.000000 100.000000 100.000000 0.174533
F 1850.000000 1897.000000 3.717551
E 0.000000 100.000000 100.000000 0.174533
F 1850.000000 1897.000000 3.717551
E 0.000000 100.000000 100.000000 0.174533
F 1850.000000 1897.000000 3.717551
E 0.000000 100.000000 100.000000 0.174533
F 1829.218582 1883.504389 3.717551
E 0.575959 100.187861 100.098275 0.191633
F 1792.046186 1859.364353 3.717551
E -2.565634 100.786580 100.873362 0.238237
F 1754.370555 1835.038255 -2.567886
E -2.565185 101.395977 102.763671 0.277976
F 1716.557653 1810.603139 -2.567886
E -2.565837 102.006322 106.111053 0.312954
F 1716.557653 1810.603139 -2.567886
E -2.565837 102.006322 106.111053 0.312954
F 1679.037874 1786.357442 -2.567886
E -2.566379 102.603698 111.110312 0.343934
F 1641.435694 1761.917960 -2.565634
E -2.566555 103.202369 117.943630 0.372564
F 1603.760063 1737.591861 -2.567886
E -2.566637 103.797587 126.626328 0.399147
F 1566.157883 1713.152378 -2.565634
E -2.566681 104.389412 137.107975 0.424066
F 1566.157883 1713.152378 -2.565634
E -2.566681 104.389412 137.107975 0.424066
F 1528.482251 1688.826280 -2.567886
E -2.566707 104.977899 149.286048 0.447599
F 1490.880071 1664.386797 -2.565634
E -2.566722 105.563106 163.033504 0.469956
F 1490.880071 1664.386797 -2.565634
E -2.566722 105.563106 163.033504 0.469956
F 1453.204439 1640.060699 -2.567886
E -2.566733 106.145087 178.218712 0.491297
F 1415.602259 1615.621216 -2.565634
E -2.566740 106.723894 194.717222 0.511748
F 1377.926628 1591.295117 -2.567886
E -2.566745 107.299579 212.417276 0.531413
F 1340.324448 1566.855634 -2.565634
E -2.566748 107.872191 231.221393 0.550376
F 1302.648816 1542.529536 -2.567886
E -2.566751 108.441780 251.045833 0.568707
F 1302.648816 1542.529536 -2.567886
E -2.566751 108.441780 251.045833 0.568707
F 1265.046636 1518.090053 -2.565634
E -2.566753 109.008393 271.819145 0.586465
F 1227.371004 1493.763955 -2.567886
E -2.566754 109.572076 293.480423 0.603701
F 1189.558103 1469.328839 -2.567886
E -2.566844 110.137126 316.066744 0.620584
F 1189.558103 1469.328839 -2.567886
E -2.566844 110.137126 316.066744 0.620584
F 1152.038324 1445.083142 -2.567886
E -2.566923 110.690633 339.266492 0.636769
F 1114.436144 1420.643659 -2.565634
E -2.566915 111.245792 363.307926 0.652678
F 1076.760512 1396.317561 -2.567886
E -2.566907 111.798194 388.068355 0.668208
F 1038.947610 1371.882445 -2.567886
E -2.566973 112.352051 413.618745 0.683500
F 1038.947610 1371.882445 -2.567886
E -2.566973 112.352051 413.618745 0.683500
F 1001.427832 1347.636748 -2.567886
E -2.567032 112.894701 439.632466 0.698228
F 963.825652 1323.197265 -2.565634
E -2.567019 113.439073 466.387152 0.712766
F 926.150020 1298.871167 -2.567886
E -2.567006 113.980845 493.761864 0.727014
F 926.150020 1298.871167 -2.567886
E -2.567006 113.980845 493.761864 0.727014
F 888.547840 1274.431684 -2.565634
E -2.566995 114.520054 521.738082 0.740988
F 850.872209 1250.105586 -2.567886
E -2.566983 115.056737 550.299041 0.754703
F 813.059307 1225.670470 -2.567886
E -2.567031 115.594983 579.543925 0.768275
F 774.953282 1201.045934 -2.567886
E -2.567076 116.139054 609.582069 0.781817
F 774.953282 1201.045934 -2.567886
E -2.567076 116.139054 609.582069 0.781817
F 737.351101 1176.606451 -2.565634
E -2.567062 116.668288 639.820237 0.794828
F 699.675470 1152.280353 -2.567886
E -2.567049 117.195133 670.589845 0.807629
F 662.073290 1127.840870 -2.565634
E -2.567037 117.719620 701.879781 0.820231
F 662.073290 1127.840870 -2.565634
E -2.567037 117.719620 701.879781 0.820231
F 624.397658 1103.514771 -2.567886
E -2.567026 118.241781 733.679705 0.832642
F 586.795478 1079.075289 -2.565634
E -2.567015 118.761646 765.979964 0.844871
F 549.119847 1054.749190 -2.567886
E -2.567004 119.279246 798.771510 0.856925
F 549.119847 1054.749190 -2.567886
E -2.567004 119.279246 798.771510 0.856925
F 511.517666 1030.309707 -2.565634
E -2.566994 119.794610 832.045844 0.868812
F 473.842035 1005.983609 -2.567886
E -2.566985 120.307766 865.794954 0.880538
F 436.628820 980.952286 -2.552124
E -2.566716 120.823379 900.010187 0.892217
F 402.624195 952.132210 -2.455305
E -2.564370 121.500703 934.338742 0.907506
F 402.624195 952.132210 -2.455305
E -2.564370 121.500703 934.338742 0.907506
F 371.094363 919.894146 -2.360737
E -2.558615 122.192560 969.193867 0.922617
F 342.957168 884.874634 -2.263918
E -2.549789 123.000276 1003.763577 0.937580
F 318.345353 847.506169 -2.169350
E -2.538177 124.086588 1037.793105 0.952047
F 297.372096 807.980658 -2.074782
E -2.524032 125.703310 1071.192625 0.966297
F 297.372096 807.980658 -2.074782
E -2.524032 125.703310 1071.192625 0.966297
F 280.409049 766.759713 -1.977963
E -2.507613 128.129435 1103.597826 0.980431
F 267.265220 723.438727 -1.881144
E -2.488765 131.734369 1135.407671 0.994685
F 258.641725 680.060930 -1.784324
E -2.468432 136.646207 1165.205226 1.008265
F 253.903231 635.395598 -1.692008
E -2.446068 143.272341 1194.049800 1.021649
F 253.903231 635.395598 -1.692008
E -2.446068 143.272341 1194.049800 1.021649
F 257.762073 589.762840 -1.514131
E -2.420966 152.329836 1220.609430 1.043858
F 270.171614 546.717980 -1.322744
E -2.393520 163.905697 1242.006303 1.066980
F 289.664335 507.198637 -1.144866
E -2.364261 178.153648 1258.006371 1.087534
F 289.664335 507.198637 -1.144866
E -2.364261 178.153648 1258.006371 1.087534
F 313.319584 473.445104 -0.994008
E -0.764743 1268.493432 193.980857 1.103475
F 342.588070 442.948188 -0.838647
E -0.734499 1274.804689 212.444826 1.120067
F 375.421319 417.481927 -0.692292
E -0.704417 1276.589982 232.459822 1.135221
F 375.421319 417.481927 -0.692292
E -0.704417 1276.589982 232.459822 1.135221
F 411.536329 397.273430 -0.543686
E -0.674563 1274.021785 253.819187 1.150337
F 449.346255 382.331086 -0.408589
E -0.645719 1267.412382 275.812371 1.163721
F 490.787955 373.138877 -0.250976
E -0.616688 1256.193839 299.339982 1.179762
F 532.417699 370.231068 -0.102369
E -0.589849 1240.814054 322.559167 1.194438
F 532.417699 370.231068 -0.102369
E -0.589849 1240.814054 322.559167 1.194438
F 573.670605 373.528796 0.046237
E -0.565547 1221.644791 345.182570 1.208813
F 614.286598 383.164944 0.199347
E -0.544203 1198.640848 367.022031 1.223574
F 653.031779 398.666619 0.347953
E -0.526938 1172.438909 387.285455 1.237730
F 653.031779 398.666619 0.347953
E -0.526938 1172.438909 387.285455 1.237730
F 694.237011 415.489064 0.381727
E -0.511737 1142.987842 408.114320 1.246218
F 735.811498 432.304960 0.383979
E -0.497581 1113.966641 429.965408 1.254421
F 777.436452 448.995539 0.381727
E -0.484210 1086.088117 453.152864 1.262571
F 818.569196 465.506920 0.381727
E -0.472043 1059.718211 477.425277 1.270480
F 818.569196 465.506920 0.381727
E -0.472043 1059.718211 477.425277 1.270480
F 860.143683 482.322815 0.383979
E -0.461320 1034.217847 503.292587 1.278528
F 901.886318 499.188248 0.383979
E -0.452778 1009.854589 530.561585 1.286586
F 943.952540 516.184422 0.383979
E -0.447252 986.632157 559.350473 1.294718
F 985.577494 532.875001 0.381727
E -0.446057 965.080461 589.057103 1.302616
F 985.577494 532.875001 0.381727
E -0.446057 965.080461 589.057103 1.302616
F 1027.151981 549.690896 0.383979
E -0.451186 945.008545 619.842953 1.310466
F 1068.247444 566.294850 0.383979
E -0.465859 926.794145 651.069297 1.318088
F 1109.990079 583.160284 0.383979
E -0.496401 910.334989 683.227444 1.325905
F 1109.990079 583.160284 0.383979
E -0.496401 910.334989 683.227444 1.325905
F 1151.409128 599.894977 0.383979
E -0.553231 896.795444 714.760766 1.333557
F 1193.151763 616.760411 0.383979
E -0.657095 887.658496 744.404835 1.341285
F 1234.570812 633.495104 0.383979
E -2.400441 768.108352 886.586207 1.348850
F 1276.313447 650.360538 0.383979
E -2.622715 781.360348 898.367521 1.356490
F 1276.313447 650.360538 0.383979
E -2.622715 781.360348 898.367521 1.356490
F 1317.165551 668.008056 0.404243
E -2.804164 782.893675 923.206492 1.364030
F 1356.523706 690.377763 0.501063
E -2.909865 775.347509 956.789896 1.374311
F 1390.843510 719.346091 0.672185
E -2.951913 760.628658 992.701255 1.389949
F 1390.843510 719.346091 0.672185
E -2.951913 760.628658 992.701255 1.389949
F 1419.074118 754.573571 0.863572
E -2.954327 739.945238 1027.399629 1.407510
F 1439.648523 791.115239 1.023437
E -2.936324 716.970886 1056.699418 1.420841
F 1454.796607 829.987255 1.167540
E -2.908026 691.831990 1082.641373 1.432690
F 1454.796607 829.987255 1.167540
E -2.908026 691.831990 1082.641373 1.432690
F 1463.926078 870.168242 1.313895
E -2.873989 665.504854 1104.829903 1.444467
F 1467.483527 910.847628 1.451243
E -2.836405 638.461735 1123.263535 1.455363
F 1464.910889 952.499430 1.599850
E -2.795435 610.418003 1138.240203 1.467284
F 1455.376795 988.580335 1.775476
E -2.756874 585.397245 1147.317208 1.480194
F 1455.376795 988.580335 1.775476
E -2.756874 585.397245 1147.317208 1.480194
F 1439.378962 1021.952600 1.960108
E -2.717054 561.076357 1151.284292 1.493754
F 1417.711904 1051.934104 2.140237
E -2.676640 537.984990 1150.159716 1.506766
F 1391.024025 1077.548730 2.320366
E -2.636645 516.879568 1144.189134 1.519667
F 1391.024025 1077.548730 2.320366
E -2.636645 516.879568 1144.189134 1.519667
F 1358.799951 1098.172188 2.516256
E -2.596744 497.902639 1133.094855 1.534271
F 1323.876547 1111.974618 2.707643
E -2.560063 482.661069 1117.695858 1.548126
F 1287.545262 1119.022771 2.892276
E -2.527335 471.174042 1098.898541 1.561096
F 1248.147689 1122.828277 3.013863
E -2.496236 462.293685 1076.542018 1.569850
F 1248.147689 1122.828277 3.013863
E -2.496236 462.293685 1076.542018 1.569850
F 1203.335568 1128.702859 3.011611
E -2.463940 455.521965 1051.820099 1.576472
F 1159.198300 1134.353772 3.013863
E -2.434629 452.595905 1030.036669 1.582864
F 1114.890215 1140.044218 3.013863
E -2.408302 454.229033 1010.558084 1.589280
F 1114.890215 1140.044218 3.013863
E -2.408302 454.229033 1010.558084 1.589280
F 1069.731987 1145.963646 3.011611
E -2.385194 461.299882 993.063080 1.595922
F 1025.248613 1151.659405 3.013863
E -2.366776 474.005014 977.993660 1.602336
F 980.782598 1157.489141 3.011611
E -0.782586 964.939563 492.495639 1.608724
F 980.782598 1157.489141 3.011611
E -0.782586 964.939563 492.495639 1.608724
F 936.833494 1163.234101 3.011611
E -0.775168 953.948156 516.252953 1.614939
F 892.350120 1168.929860 3.013863
E -0.774951 944.702968 545.304524 1.621278
F 847.884105 1174.759596 3.011611
E -0.784039 937.436893 578.698890 1.627592
F 803.400730 1180.455354 3.013863
E -2.376365 615.508741 932.386473 1.633881
F 758.934716 1186.285090 3.011611
E -2.415223 654.542287 930.066269 1.640147
F 758.934716 1186.285090 3.011611
E -2.415223 654.542287 930.066269 1.640147
F 714.293500 1192.120522 3.011611
E -2.478874 694.367662 931.487478 1.646436
F 669.998340 1197.910719 3.011611
E -2.575043 732.141216 938.389214 1.652605
F 625.357124 1203.746152 3.011611
E -2.708073 765.243778 953.597463 1.658847
F 625.357124 1203.746152 3.011611
E -2.708073 765.243778 953.597463 1.658847
F 580.656419 1209.112409 3.020618
E -2.860318 790.076662 979.801004 1.665084
F 535.885336 1205.567951 -3.091445
E -2.989538 802.128227 1017.821559 1.678015
F 497.555603 1189.475521 -2.807742
E -3.054614 799.493431 1059.863974 1.701651
F 470.837471 1168.750958 -2.573574
E -3.068965 788.891930 1094.461284 1.717459
F 470.837471 1168.750958 -2.573574
E -3.068965 788.891930 1094.461284 1.717459
F 449.265899 1141.801234 -2.334903
E -3.058582 772.557362 1126.829868 1.733740
F 434.967754 1111.765565 -2.107490
E -3.032759 753.048103 1153.278597 1.748462
F 427.892050 1078.700471 -1.873323
E -2.996257 730.651171 1174.104023 1.763850
F 427.892050 1078.700471 -1.873323
E -2.996257 730.651171 1174.104023 1.763850
F 428.973549 1044.172536 -1.630148
E -2.952191 706.216204 1188.142639 1.780183
F 437.652930 1011.870173 -1.400484
E -2.905818 682.143302 1194.415804 1.794780
F 453.312062 982.521068 -1.173071
E -2.858326 658.877453 1193.607729 1.809005
F 474.501612 957.833722 -0.954664
E -2.812193 637.680220 1186.365704 1.822132
F 474.501612 957.833722 -0.954664
E -2.812193 637.680220 1186.365704 1.822132
F 501.098105 938.159483 -0.729503
E -2.767113 618.535527 1173.035998 1.835896
F 531.699859 924.718407 -0.504342
E -2.724826 602.283199 1154.269570 1.849621
F 571.085172 906.303859 -0.448052
E -2.673391 584.318413 1127.133894 1.855485
F 571.085172 906.303859 -0.448052
E -2.673391 584.318413 1127.133894 1.855485
F 611.241314 887.133167 -0.445800
E -2.623953 569.110145 1101.944421 1.860919
F 651.547342 867.871503 -0.445800
E -2.577624 558.109345 1080.011383 1.866379
F 692.168261 848.459358 -0.445800
E -2.534671 552.844438 1060.949082 1.871908
F 732.159399 829.348176 -0.445800
E -2.496187 554.651794 1044.771576 1.877252
F 732.159399 829.348176 -0.445800
E -2.496187 554.651794 1044.771576 1.877252
F 772.780318 809.936031 -0.445800
E -2.460892 564.509525 1030.594067 1.882749
F 813.401237 790.523886 -0.445800
E -2.429221 582.874704 1018.347046 1.888230
F 853.707265 771.262222 -0.445800
E -2.401114 609.418608 1007.807935 1.893611
F 894.328184 751.850077 -0.445800
E -2.375848 644.051420 998.559500 1.899061
F 894.328184 751.850077 -0.445800
E -2.375848 644.051420 998.559500 1.899061
F 937.142765 736.643071 -0.355735
E -2.356634 685.409730 989.460539 1.906243
F 980.749655 725.849228 -0.258916
E -0.781418 979.873660 730.405083 1.913529
F 1025.195741 719.321334 -0.162097
E -2.376702 777.354226 970.527360 1.920788
F 1025.195741 719.321334 -0.162097
E -2.376702 777.354226 970.527360 1.920788
F 1069.881988 717.022885 -0.067529
E -2.463276 822.741153 963.864808 1.927891
F 1114.934403 718.947226 0.027039
E -2.675730 859.373424 966.820384 1.935051
F 1159.069131 725.195185 0.123858
E -2.958938 874.426968 990.759621 1.942148
F 1159.069131 725.195185 0.123858
E -2.958938 874.426968 990.759621 1.942148
F 1202.441242 736.286093 0.231936
E -3.124105 869.984413 1033.322594 1.949721
F 1242.992663 756.123554 0.423323
E 3.106604 854.730866 1082.633891 1.962279
F 1278.727594 783.139686 0.614710
E 3.111787 833.008524 1130.803969 1.974676
F 1307.768093 813.125743 0.767819
E 3.140055 809.456436 1172.778557 1.983747
F 1307.768093 813.125743 0.767819
E 3.140055 809.456436 1172.778557 1.983747
F 1332.139211 846.099205 0.902916
E -3.105104 784.797819 1210.880167 1.991611
F 1351.455449 881.682030 1.040265
E -3.061971 759.756867 1245.095357 1.999455
F 1365.737214 920.893281 1.188871
E -3.013505 733.729703 1276.149596 2.008149
F 1378.913713 961.779275 1.247413
E -2.962590 707.864233 1305.742501 2.013487
F 1378.913713 961.779275 1.247413
E -2.962590 707.864233 1305.742501 2.013487
F 1393.109419 1004.135733 1.247413
E -2.912446 683.647332 1338.054055 2.018535
F 1407.305126 1046.492191 1.247413
E -2.865714 662.778523 1373.490446 2.023569
F 1421.389928 1088.517739 1.247413
E -2.822026 645.397938 1411.673387 2.028513
F 1421.389928 1088.517739 1.247413
E -2.822026 645.397938 1411.673387 2.028513
F 1435.639663 1131.408087 1.249665
E -2.779727 630.974565 1453.598312 2.033642
F 1449.629804 1173.465242 1.249665
E -2.740179 619.881422 1497.597353 2.038562
F 1463.840263 1216.184714 1.249665
E -2.701853 611.462173 1545.213023 2.043625
F 1478.050721 1258.904186 1.249665
E -2.665291 605.605770 1595.700353 2.048676
F 1478.050721 1258.904186 1.249665
E -2.665291 605.605770 1595.700353 2.048676
F 1492.151021 1301.292500 1.249665
E -2.630704 602.000753 1648.545791 2.053637
F 1502.442462 1345.352108 1.328471
E -2.595908 600.216760 1702.718058 2.059880
F 1508.314787 1389.710414 1.423039
E -2.560105 600.202198 1754.403771 2.066505
F 1508.314787 1389.710414 1.423039
E -2.560105 600.202198 1754.403771 2.066505
F 1509.837398 1434.259185 1.519858
E -2.522962 602.053220 1803.280467 2.073152
F 1507.048195 1479.444231 1.616677
E -2.483937 605.966215 1849.975001 2.079931
F 1500.102673 1523.294740 1.711245
E -2.444597 611.862723 1892.720787 2.086416
F 1500.102673 1523.294740 1.711245
E -2.444597 611.862723 1892.720787 2.086416
F 1485.255912 1566.034737 1.877865
E -2.402979 620.152319 1930.434127 2.096543
F 1462.603786 1604.875774 2.067000
E -2.359574 630.949774 1958.398171 2.108030
F 1435.324630 1637.649549 2.231368
E -0.746185 1975.402377 643.603791 2.117364
F 1405.278278 1666.987142 2.343948
E -0.703455 1985.162671 658.218355 2.123916
F 1405.278278 1666.987142 2.343948
E -0.703455 1985.162671 658.218355 2.123916
F 1373.835850 1699.209248 2.343948
E -0.657184 1994.743557 675.905937 2.128776
F 1342.880901 1730.931787 2.343948
E -0.611459 2007.908011 694.888944 2.133477
F 1309.019564 1760.396766 2.413748
E -0.564937 2022.226484 715.440481 2.139168
F 1272.734576 1786.275058 2.506065
E -0.518313 2033.731128 737.072637 2.145434
F 1272.734576 1786.275058 2.506065
E -0.518313 2033.731128 737.072637 2.145434
F 1233.597063 1808.687433 2.605136
E -0.470623 2041.413414 760.035580 2.152028
F 1192.332291 1827.306956 2.701955
E -0.422220 2044.965307 783.955443 2.158560
F 1149.985849 1841.761105 2.796523
E -0.373845 2044.522899 808.234415 2.164883
F 1149.985849 1841.761105 2.796523
E -0.373845 2044.522899 808.234415 2.164883
F 1106.266320 1852.089258 2.893342
E -0.324727 2040.098669 833.035434 2.171302
F 1062.285436 1858.154677 2.987910
E -0.275606 2031.792473 857.772772 2.177515
F 1016.705673 1860.051202 3.084729
E -0.224477 2019.283969 883.233300 2.184044
F 972.722906 1857.636451 -3.103888
E -0.174424 2003.400523 907.678672 2.190149
F 972.722906 1857.636451 -3.103888
E -0.174424 2003.400523 907.678672 2.190149
F 928.121849 1850.990494 -3.009321
E -0.122379 1983.379815 932.397147 2.196454
F 884.055024 1839.868665 -2.910250
E -0.069013 1959.377980 956.817172 2.202968
F 841.566424 1824.764297 -2.815682
E -0.014996 1931.865795 980.402305 2.209236
F 841.566424 1824.764297 -2.815682
E -0.014996 1931.865795 980.402305 2.209236
F 801.227883 1805.798185 -2.718863
E 0.039627 1901.199264 1002.925360 2.215455
F 762.600825 1782.863095 -2.622043
E 0.096135 1866.837739 1024.668416 2.221728
F 726.157820 1756.305036 -2.527476
E 0.154734 1829.169207 1045.388369 2.227943
F 692.936052 1726.853014 -2.432908
E 0.214738 1789.233422 1064.545258 2.233999
F 692.936052 1726.853014 -2.432908
E 0.214738 1789.233422 1064.545258 2.233999
F 661.234291 1695.333163 -2.369863
E 0.278910 1747.568796 1082.562852 2.239242
F 629.010332 1664.142960 -2.372114
E 0.350457 1708.562154 1099.455945 2.243818
F 596.672932 1632.819119 -2.372114
E 0.432125 1675.592751 1114.785283 2.248419
F 596.672932 1632.819119 -2.372114
E 0.432125 1675.592751 1114.785283 2.248419
F 564.586209 1601.738099 -2.372114
E 0.523344 1649.987154 1127.441938 2.252940
F 532.456354 1570.450966 -2.369863
E 0.624266 1632.433088 1136.572542 2.257488
F 500.232396 1539.260763 -2.372114
E 0.731822 1624.122602 1141.232645 2.262027
F 467.644318 1507.694102 -2.372114
E 2.413445 1140.897410 1625.785104 2.266663
F 467.644318 1507.694102 -2.372114
E 2.413445 1140.897410 1625.785104 2.266663
F 438.756322 1473.308993 -2.284301
E 2.520645 1135.637924 1633.306726 2.272508
F 413.819189 1436.998469 -2.189734
E 2.622040 1126.077515 1641.802567 2.278376
F 391.863295 1397.407980 -2.092914
E 2.721698 1112.195019 1650.908378 2.284547
F 391.863295 1397.407980 -2.092914
E 2.721698 1112.195019 1650.908378 2.284547
F 373.810000 1356.086053 -1.998347
E 2.816078 1094.842397 1660.009897 2.290591
F 358.105769 1314.235385 -1.939805
E 2.904484 1074.790452 1670.219218 2.295613
F 341.820005 1272.450386 -1.942056
E 2.986729 1052.672520 1685.238778 2.300076
F 325.786437 1230.941882 -1.939805
E 3.061075 1029.728531 1706.503963 2.304462
F 325.786437 1230.941882 -1.939805
E 3.061075 1029.728531 1706.503963 2.304462
F 309.673664 1189.276955 -1.939805
E 3.128887 1006.507222 1733.409517 2.308874
F 293.387900 1147.491955 -1.942056
E -3.092456 983.692694 1765.585324 2.313312
F 277.228085 1105.658086 -1.939805
E -3.036011 961.874529 1802.343849 2.317741
F 277.228085 1105.658086 -1.939805
E -3.036011 961.874529 1802.343849 2.317741
F 260.689826 1063.222356 -1.942056
E -2.983431 941.104335 1843.954970 2.322301
F 244.609895 1021.919037 -1.942056
E -2.936247 922.477000 1888.353559 2.326610
F 228.450079 980.085168 -1.939805
E -2.891886 905.326073 1936.772877 2.331015
F 228.450079 980.085168 -1.939805
E -2.891886 905.326073 1936.772877 2.331015
F 212.211425 938.094734 -1.939805
E -2.850340 889.877229 1988.702208 2.335444
F 195.925662 896.309734 -1.942056
E -2.811667 876.268148 2043.701188 2.339832
F 179.765846 854.475865 -1.939805
E -2.775381 864.368638 2101.711612 2.344211
F 164.111319 814.317691 -1.942056
E -2.742548 854.462398 2160.152191 2.348249
F 161.838716 808.273999 -1.939805
E -2.737790 853.097906 2169.123069 2.348341
F 161.838716 808.273999 -1.939805
E -2.737790 853.097906 2169.123069 2.348341
F 161.838716 808.273999 -1.939805
E -2.737790 853.097906 2169.123069 2.348341
F 161.838716 808.273999 -1.939805
E -2.737790 853.097906 2169.123069 2.348341
F 161.838716 808.273999 -1.939805
E -2.737790 853.097906 2169.123069 2.348341
F 161.838716 808.273999 -1.939805
E -2.737790 853.097906 2169.123069 2.348341
F 161.838716 808.273999 -1.939805
E -2.737790 853.097906 2169.123069 2.348341
F 161.838716 808.273999 -1.939805
E -2.737790 853.097906 2169.123069 2.348341
