F 1823.687876 1856.072405 3.728359
E -0.611746 79.780315 63.768230 0.099995
W C 1291.0 1881.0 383.0 1458.0 482.0 682.0 1191.0 747.0 1693.0 1043.0 1805.0 190.0
F 1816.267048 1847.139644 3.728347
E -0.627694 69.883072 50.299686 0.081373
W C 1291.0 1881.0 383.0 1458.0 482.0 682.0 1191.0 747.0 1693.0 1043.0 1805.0 190.0
F 1812.861270 1843.630383 3.728379
E -0.634318 63.027089 42.809315 0.071049
W C 1291.0 1881.0 383.0 1458.0 482.0 682.0 1191.0 747.0 1693.0 1043.0 1805.0 190.0
F 1810.765677 1841.208637 3.728192
E -0.637925 57.872216 37.888892 0.064065
W C 1291.0 1881.0 383.0 1458.0 482.0 682.0 1191.0 747.0 1693.0 1043.0 1805.0 190.0
F 1809.525613 1839.569758 3.727954
E -0.640279 53.805986 34.343171 0.058879
W C 1291.0 1881.0 383.0 1458.0 482.0 682.0 1191.0 747.0 1693.0 1043.0 1805.0 190.0
F 1808.449066 1838.478467 3.727898
E -0.641950 50.489946 31.633583 0.054812
W C 1291.0 1881.0 383.0 1458.0 482.0 682.0 1191.0 747.0 1693.0 1043.0 1805.0 190.0
F 1807.692754 1837.777518 3.727892
E -0.643195 47.718434 29.476131 0.051503
W C 1291.0 1881.0 383.0 1458.0 482.0 682.0 1191.0 747.0 1693.0 1043.0 1805.0 190.0
F 1807.119879 1837.312342 3.727922
E -0.644149 45.357325 27.706066 0.048738
W C 1291.0 1881.0 383.0 1458.0 482.0 682.0 1191.0 747.0 1693.0 1043.0 1805.0 190.0
F 1806.684265 1836.964366 3.727947
E -0.644899 43.314569 26.220014 0.046382
W C 1291.0 1881.0 383.0 1458.0 482.0 682.0 1191.0 747.0 1693.0 1043.0 1805.0 190.0
F 1806.364637 1836.583049 3.727846
E -0.645506 41.524530 24.949458 0.044341
W C 1291.0 1881.0 383.0 1458.0 482.0 682.0 1191.0 747.0 1693.0 1043.0 1805.0 190.0
F 1806.061654 1836.399496 3.727899
E -0.646015 39.939049 23.846976 0.042549
W C 1291.0 1881.0 383.0 1458.0 482.0 682.0 1191.0 747.0 1693.0 1043.0 1805.0 190.0
F 1805.868929 1836.183452 3.727879
E -0.646437 38.522056 22.878536 0.040961
W C 1291.0 1881.0 383.0 1458.0 482.0 682.0 1191.0 747.0 1693.0 1043.0 1805.0 190.0
F 1805.799946 1836.004654 3.727820
E -0.646808 37.245744 22.019070 0.039539
W C 1291.0 1881.0 383.0 1458.0 482.0 682.0 1191.0 747.0 1693.0 1043.0 1805.0 190.0
F 1786.489115 1823.130179 3.729337
E -0.622570 35.543258 21.862337 0.107663
W C 1291.0 1881.0 383.0 1458.0 482.0 682.0 1191.0 747.0 1693.0 1043.0 1805.0 190.0
F 1752.693087 1800.457746 3.726436
E -0.553348 33.928273 22.999568 0.107460
W C 1291.0 1881.0 383.0 1458.0 482.0 682.0 1191.0 747.0 1693.0 1043.0 1805.0 190.0
F 1719.530129 1778.120457 -2.553870
E -0.454747 32.482014 23.669367 0.091740
W C 1291.0 1881.0 383.0 1458.0 482.0 682.0 1191.0 747.0 1693.0 1043.0 1805.0 190.0
F 1686.558829 1756.401960 -2.563592
E -0.374653 31.595485 24.269847 0.116735
W C 1291.0 1881.0 383.0 1458.0 482.0 682.0 1191.0 747.0 1693.0 1043.0
F 1688.186606 1758.067992 -2.560723
E -0.429544 30.711834 23.286242 0.084285
W C 1291.0 1881.0 383.0 1458.0 482.0 682.0 1191.0 747.0 1693.0 1043.0
F 1652.074333 1735.083747 -2.562634
E -0.298304 29.817522 23.568128 0.116355
W C 1291.0 1881.0 383.0 1458.0 482.0 682.0 1191.0 747.0 1693.0 1043.0
F 1617.470948 1712.809392 -2.562360
E -0.167037 29.138252 23.457542 0.097587
W C 1291.0 1881.0 383.0 1458.0 482.0 682.0 1191.0 747.0 1693.0 1043.0
F 1584.462148 1691.440380 -2.564126
E -0.069139 28.594722 23.217623 0.095406
W C 1291.0 1881.0 383.0 1458.0 482.0 682.0 1191.0 747.0 1693.0 1043.0
F 1552.434206 1670.587539 -2.566020
E 0.007064 28.035549 22.922454 0.095048
W C 1291.0 1881.0 383.0 1458.0 482.0 682.0 1191.0 747.0 1693.0 1043.0
F 1554.606976 1672.294682 -2.566060
E -0.115604 26.537731 22.103267 0.073725
W C 1291.0 1881.0 383.0 1458.0 482.0 682.0 1191.0 747.0 1693.0 1043.0
F 1518.517226 1649.114404 -2.564950
E 0.016893 26.245786 21.952008 0.093305
W C 1291.0 1881.0 383.0 1458.0 482.0 682.0 1191.0 747.0 1693.0 1043.0
F 1482.680936 1624.603325 -2.550520
E 0.204968 27.107561 22.091334 0.102272
W C 383.0 1458.0 482.0 682.0 1191.0 747.0 1693.0 1043.0
F 1481.601626 1624.265793 -2.556036
E 0.172726 26.364480 21.690359 0.080650
W C 383.0 1458.0 482.0 682.0 1191.0 747.0 1693.0 1043.0
F 1444.032390 1598.712770 -2.556334
E 0.330044 27.333374 21.502902 0.094686
W C 383.0 1458.0 482.0 682.0 1191.0 747.0 1805.0 190.0 1693.0 1043.0
F 1408.819952 1575.109746 -2.560602
E 0.419138 26.580969 21.148529 0.089459
W C 1291.0 1881.0 383.0 1458.0 482.0 682.0 1191.0 747.0 1805.0 190.0 1693.0 1043.0
F 1374.800711 1552.091612 -2.561997
E 0.492307 26.286663 20.781360 0.089165
W C 1291.0 1881.0 383.0 1458.0 482.0 682.0 1191.0 747.0 1805.0 190.0 1693.0 1043.0
F 1338.185782 1527.190116 -2.554831
E 0.528696 27.409631 20.549979 0.094904
W C 383.0 1458.0 482.0 682.0 1191.0 747.0 1805.0 190.0 1693.0 1043.0
F 1303.537098 1503.470361 -2.546238
E 0.562731 28.376324 20.318859 0.095784
W C 383.0 1458.0 482.0 682.0 1191.0 747.0 1805.0 190.0 1693.0 1043.0
F 1303.596003 1503.591936 -2.550076
E 0.542011 27.350070 19.839592 0.074470
W C 383.0 1458.0 482.0 682.0 1191.0 747.0 1805.0 190.0 1693.0 1043.0
F 1265.758674 1478.668257 -2.558406
E 0.576820 28.335311 19.504262 0.094287
W C 383.0 1458.0 482.0 682.0 1191.0 747.0 1805.0 190.0 1693.0 1043.0
F 1230.217758 1454.663221 -2.551322
E 0.600379 29.149407 19.299311 0.095986
W C 383.0 1458.0 482.0 682.0 1191.0 747.0 1805.0 190.0 1693.0 1043.0
F 1194.306127 1430.791714 -2.550198
E 0.616321 29.819016 19.699573 0.117018
W C 383.0 1458.0 482.0 682.0 1191.0 747.0 1805.0 190.0 1693.0 1043.0
F 1194.508405 1431.155713 -2.556085
E 0.598843 28.600248 19.345903 0.083737
W C 383.0 1458.0 482.0 682.0 1191.0 747.0 1805.0 190.0 1693.0 1043.0
F 1157.781616 1407.117432 -2.572271
E 0.622893 29.563618 19.043540 0.129260
W C 383.0 1458.0 482.0 682.0 1191.0 747.0 1805.0 190.0
F 1121.894555 1383.733705 -2.567412
E 0.626435 30.343135 18.666619 0.106259
W C 383.0 1458.0 482.0 682.0 1191.0 747.0 1805.0 190.0
F 1086.880646 1361.058852 -2.565731
E 0.631458 30.941265 18.607264 0.103263
W C 383.0 1458.0 482.0 682.0 1191.0 747.0 1805.0 190.0
F 1051.436458 1338.620531 -2.573935
E 0.635308 31.387319 19.328574 0.129455
W C 383.0 1458.0 482.0 682.0 1191.0 747.0 1805.0 190.0
F 1052.619901 1339.396935 -2.574745
E 0.626038 30.066940 19.087719 0.092293
W C 383.0 1458.0 482.0 682.0 1191.0 747.0 1805.0 190.0
F 1017.096676 1317.010673 -2.575730
E 0.627666 30.592741 18.686334 0.129420
W C 383.0 1458.0 482.0 682.0 1191.0 747.0 1805.0 190.0
F 982.562541 1295.166429 -2.571219
E 0.630474 30.967925 18.330832 0.106434
W C 383.0 1458.0 482.0 682.0 1191.0 747.0 1805.0 190.0
F 948.801322 1274.093450 -2.572722
E 0.633749 31.196016 18.306084 0.103457
W C 383.0 1458.0 482.0 682.0 1191.0 747.0 1805.0 190.0
F 950.885153 1275.895262 -2.575330
E 0.625279 29.727227 17.887088 0.080656
W C 383.0 1458.0 482.0 682.0 1191.0 747.0 1805.0 190.0
F 914.854655 1253.656407 -2.579499
E 0.627388 30.134254 17.764272 0.100745
W C 383.0 1458.0 482.0 682.0 1191.0 747.0 1805.0 190.0
F 879.941035 1232.206001 -2.580540
E 0.628459 30.382050 17.813873 0.102857
W C 383.0 1458.0 482.0 682.0 1191.0 747.0 1805.0 190.0
F 846.074320 1211.572341 -2.577524
E 0.629410 30.509463 18.641548 0.129639
W C 383.0 1458.0 482.0 682.0 1191.0 747.0 1805.0 190.0
F 812.157090 1191.484001 -2.586714
E 0.630877 30.613527 18.847847 0.148829
W C 383.0 1458.0 482.0 682.0 1191.0 747.0
F 811.923111 1191.909424 -2.592217
E 0.623638 29.010651 18.627769 0.105647
W C 383.0 1458.0 482.0 682.0 1191.0 747.0
F 775.998023 1170.826056 -2.594649
E 0.612917 29.325171 18.236844 0.113163
W C 383.0 1458.0 482.0 682.0 1191.0 747.0
F 739.560993 1149.639303 -2.599088
E 0.607084 29.504521 18.355780 0.113842
W C 383.0 1458.0 482.0 682.0 1191.0 747.0
F 705.774068 1130.251807 -2.599194
E 0.605442 29.575566 18.626148 0.113962
W C 383.0 1458.0 482.0 682.0 1191.0 747.0
F 705.524219 1131.175944 -2.606632
E 0.600052 28.341061 18.162014 0.095384
W C 383.0 1458.0 482.0 682.0
F 666.255263 1109.108562 -2.617315
E 0.585841 29.039772 18.361198 0.122563
W C 383.0 1458.0 482.0 682.0
F 629.017325 1088.613358 -2.626455
E 0.575478 29.475234 18.786359 0.127935
W C 383.0 1458.0 482.0 682.0
F 591.539464 1067.926241 -2.631163
E 0.576823 29.667195 19.304035 0.129018
W C 383.0 1458.0 482.0 682.0
F 591.323089 1068.106647 -2.631318
E 0.601222 28.161887 18.660797 0.104044
W C 383.0 1458.0 482.0 682.0
F 553.319274 1047.217984 -2.633187
E 0.608144 28.513360 18.969016 0.124876
W C 383.0 1458.0 482.0 682.0
F 514.537500 1026.191588 -2.638150
E 0.636212 28.664694 19.491158 0.129452
W C 383.0 1458.0 482.0 682.0
F 479.458384 1006.313926 -2.627672
E 0.686183 28.736878 20.135461 0.131539
W C 383.0 1458.0 482.0 682.0
F 444.333063 986.281997 -2.592411
E 0.752041 29.305914 20.814887 0.138623
W C 383.0 1458.0 482.0 682.0
F 444.758240 987.941829 -2.606946
E 2.373011 20.020747 27.557306 0.110791
W C 383.0 1458.0 482.0 682.0
F 408.944692 960.964903 -2.510535
E 2.440435 20.555638 30.244046 0.162189
W C 482.0 682.0
F 375.968659 929.481884 -2.402922
E 2.551596 21.010363 32.463464 0.153622
W C 482.0 682.0 1805.0 190.0
F 347.611582 896.842792 -2.309221
E 2.673183 21.362549 34.212415 0.155059
W C 482.0 682.0 1805.0 190.0
F 322.437249 861.670204 -2.215525
E 2.797539 21.681990 35.547960 0.158378
W C 482.0 682.0 1805.0 190.0
F 322.388257 861.389445 -2.217827
E 2.810070 21.043368 34.000101 0.132792
W C 482.0 682.0 1805.0 190.0
F 300.299500 823.824234 -2.123528
E 2.922034 21.158798 35.188175 0.156142
W C 482.0 682.0 1805.0 190.0
F 282.289792 783.320986 -2.012114
E 3.067328 21.756345 38.059767 0.201206
W C 482.0 682.0
F 269.773046 741.877466 -1.894600
E -3.042004 22.648877 41.777296 0.227940
W C 482.0 682.0
F 260.631289 698.192028 -1.795959
E -2.858021 23.706493 46.380937 0.249867
W C 482.0 682.0
F 260.631289 698.192028 -1.795959
E -2.858021 23.706493 46.380937 0.249867
W C
F 250.729000 660.715804 -1.719360
E -2.790320 25.703596 46.007331 0.208642
W C 1805.0 190.0
F 246.735429 619.826449 -1.613748
E -2.782316 27.698159 47.906011 0.200061
W C 1805.0 190.0
F 245.391146 578.787625 -1.535795
E -2.780236 29.296394 49.873427 0.195199
W C 1805.0 190.0
F 249.218549 577.793701 -1.507149
E -2.815578 28.190280 49.052980 0.138543
W C 1805.0 190.0 1191.0 747.0
F 258.116499 537.788020 -1.391475
E -2.806897 28.390520 50.629051 0.149406
W C 1805.0 190.0 1191.0 747.0
F 273.714904 498.061866 -1.252111
E -2.788893 28.166028 52.031586 0.133867
W C 1805.0 190.0 1191.0 747.0 1693.0 1043.0
F 292.860932 461.052020 -1.135379
E -2.758454 28.203979 53.093869 0.148063
W C 1805.0 190.0 1191.0 747.0
F 295.062283 460.610207 -1.127852
E -2.776067 27.541974 52.387419 0.119684
W C 1805.0 190.0 1191.0 747.0
F 321.475983 426.563139 -0.974150
E -2.735303 27.548511 53.243642 0.146137
W C 1805.0 190.0 1191.0 747.0
F 348.182210 396.346605 -0.876502
E -2.692435 27.770226 53.566429 0.147669
W C 1805.0 190.0 1191.0 747.0
F 380.894199 368.384540 -0.744378
E -2.642261 28.184633 53.931474 0.150815
W C 1805.0 190.0 1191.0 747.0
F 414.848122 344.886454 -0.632814
E -2.592381 28.653047 53.867082 0.149633
W C 1805.0 190.0 1191.0 747.0
F 416.837327 345.187836 -0.625357
E -2.609703 27.913154 52.939985 0.120130
W C 1805.0 190.0 1191.0 747.0
F 456.875867 327.605593 -0.468076
E -2.551918 28.413115 52.664587 0.145115
W C 1805.0 190.0 1191.0 747.0
F 495.078841 313.671902 -0.370492
E -2.491665 29.188297 52.045475 0.148568
W C 1805.0 190.0 1191.0 747.0
F 536.555730 305.543889 -0.236394
E -2.431788 29.936298 51.233997 0.148026
W C 1805.0 190.0 1191.0 747.0
F 540.911706 307.321390 -0.203939
E -2.453158 29.196580 50.132947 0.118833
W C 1805.0 190.0 1191.0 747.0
F 587.321006 304.746800 -0.116619
E -2.388803 29.362953 48.460468 0.120508
W C 1805.0 190.0 1191.0 747.0 1291.0 1881.0
F 632.897285 307.051370 -0.044210
E -0.745222 46.204452 29.690595 0.119864
W C 1805.0 190.0 1191.0 747.0 383.0 1458.0
F 676.165777 311.382897 0.002783
E -0.664308 44.209677 29.972771 0.119092
W C 1805.0 190.0 1191.0 747.0 383.0 1458.0
F 719.536032 315.579056 0.064217
E -0.590252 42.597049 30.463444 0.152428
W C 1805.0 190.0 1191.0 747.0 383.0 1458.0
F 719.926148 317.389373 0.059787
E -0.596173 40.945914 29.715680 0.110280
W C 1805.0 190.0 1191.0 747.0 383.0 1458.0
F 765.286531 321.485624 0.056035
E -0.466014 39.588899 29.519759 0.117355
W C 1805.0 190.0 1191.0 747.0 383.0 1458.0
F 809.855789 326.339195 0.070376
E -0.349251 38.715730 29.208864 0.132357
W C 1805.0 190.0 1191.0 747.0 1291.0 1881.0 383.0 1458.0
F 852.500174 330.973262 0.075947
E -0.228500 38.070695 28.853165 0.151867
W C 1805.0 190.0 1191.0 747.0 383.0 1458.0
F 894.288124 334.779944 0.069723
E -0.130834 37.267178 27.841508 0.111769
W C 1805.0 190.0 1693.0 1043.0 1191.0 747.0 383.0 1458.0
F 895.502210 334.659897 0.060033
E -0.170375 35.713945 27.290491 0.091670
W C 1805.0 190.0 1693.0 1043.0 1191.0 747.0
F 940.467433 337.356625 0.053464
E -0.092970 35.466727 26.546213 0.113330
W C 1805.0 190.0 1693.0 1043.0 1191.0 747.0
F 983.697380 340.112677 0.055827
E -0.044742 35.215576 26.383232 0.151404
W C 1805.0 190.0 1693.0 1043.0 1191.0 747.0
F 1024.617108 343.057621 0.077960
E 0.008026 34.956567 25.800787 0.151506
W C 1805.0 190.0 1693.0 1043.0 1191.0 747.0
F 1025.919070 343.027444 0.056428
E -0.026826 33.346924 25.497709 0.110112
W C 1805.0 190.0 1693.0 1043.0 1191.0 747.0
F 1069.094348 345.594897 0.053777
E 0.030059 33.318168 24.572505 0.151409
W C 1805.0 190.0 1693.0 1043.0 1191.0 747.0
F 1112.847353 347.961366 0.048676
E 0.071781 33.238038 24.141864 0.151574
W C 1805.0 190.0 1693.0 1043.0 1191.0 747.0
F 1154.964208 350.154825 0.056061
E 0.102310 33.072312 23.749373 0.151692
W C 1805.0 190.0 1693.0 1043.0 1191.0 747.0
F 1194.545990 352.325213 0.080901
E 0.125549 32.885126 23.409677 0.151717
W C 1805.0 190.0 1693.0 1043.0 1191.0 747.0
F 1195.237671 352.196193 0.057261
E 0.085898 31.167195 23.094102 0.109800
W C 1805.0 190.0 1693.0 1043.0 1191.0 747.0
F 1239.058359 354.690511 0.054652
E 0.113457 31.312415 22.260907 0.116759
W C 1805.0 190.0 1693.0 1043.0 1191.0 747.0
F 1281.555143 357.472510 0.082803
E 0.133219 31.883289 21.869063 0.121794
W C 1805.0 190.0 1693.0 1043.0 1191.0 747.0
F 1321.054583 362.621295 0.151972
E 0.155837 33.164212 21.632403 0.127840
W C 1805.0 190.0 1693.0 1043.0 1191.0 747.0
F 1320.627205 362.547844 0.144955
E 0.110983 31.276804 21.072224 0.098785
W C 1805.0 190.0 1693.0 1043.0 1191.0 747.0
F 1362.737187 377.693533 0.302765
E 0.162049 32.905194 20.628262 0.115594
W C 1805.0 190.0 1693.0 1043.0 1291.0 1881.0 1191.0 747.0
F 1400.090405 397.692530 0.443500
E 0.211081 32.991223 20.417383 0.113016
W C 1805.0 190.0 1693.0 1043.0 1291.0 1881.0 1191.0 747.0
F 1431.630784 417.328465 0.521740
E 0.265878 32.456654 20.382749 0.111310
W C 1805.0 190.0 1693.0 1043.0 1291.0 1881.0 1191.0 747.0
F 1432.526781 419.803657 0.538440
E 0.223264 30.245575 19.834862 0.089675
W C 1805.0 190.0 1693.0 1043.0 1191.0 747.0
F 1462.963772 448.022227 0.683048
E 0.313985 30.224354 19.930547 0.109556
W C 1805.0 190.0 1693.0 1043.0 1291.0 1881.0 1191.0 747.0
F 1488.550917 477.917230 0.796259
E 0.408154 29.793279 20.232851 0.109985
W C 1805.0 190.0 1693.0 1043.0 1291.0 1881.0 1191.0 747.0
F 1509.799658 505.421274 0.860253
E 0.534814 29.603844 20.836670 0.122853
W C 1805.0 190.0 1693.0 1043.0 1191.0 747.0
F 1524.843826 536.758851 1.003075
E 0.666103 29.677473 20.971052 0.104158
W C 1805.0 190.0 1693.0 1043.0 1291.0 1881.0 383.0 1458.0 1191.0 747.0
F 1522.036920 541.480504 1.048886
E 0.653859 27.308116 20.164245 0.075270
W C 1805.0 190.0 1693.0 1043.0 1291.0 1881.0 383.0 1458.0 1191.0 747.0 482.0 682.0
F 1531.838700 581.017105 1.245325
E 2.443681 20.355880 29.519689 0.105093
W C 1693.0 1043.0 1291.0 1881.0 383.0 1458.0 1191.0 747.0 482.0 682.0
F 1537.088563 620.433046 1.394624
E 2.601120 20.528781 30.884388 0.114216
W C 1693.0 1043.0 1291.0 1881.0 383.0 1458.0 1191.0 747.0
F 1534.750369 660.474397 1.571596
E 2.744423 20.695194 31.960576 0.126645
W C 1693.0 1043.0 383.0 1458.0 1191.0 747.0
F 1533.045405 666.597896 1.606374
E 2.691795 20.027584 30.307372 0.093311
W C 1693.0 1043.0 1291.0 1881.0 383.0 1458.0 1191.0 747.0
F 1522.512018 708.043401 1.788487
E 2.861731 20.523896 30.660047 0.113405
W C 1693.0 1043.0 1291.0 1881.0 383.0 1458.0 1191.0 747.0
F 1507.693514 745.058467 1.931143
E 2.999930 21.003293 30.170002 0.112831
W C 1693.0 1043.0 1291.0 1881.0 383.0 1458.0 1191.0 747.0
F 1488.998316 777.327135 2.065770
E 3.122473 21.412715 29.086939 0.111692
W C 1693.0 1043.0 1291.0 1881.0 383.0 1458.0 1191.0 747.0
F 1469.430638 805.231826 2.134353
E -3.088440 21.522209 27.256925 0.107330
W C 1693.0 1043.0 1291.0 1881.0 383.0 1458.0 1191.0 747.0
F 1463.675575 807.229309 2.200943
E 3.029760 20.790428 24.886118 0.082762
W C 1693.0 1043.0 1291.0 1881.0 383.0 1458.0 1191.0 747.0
F 1430.240245 840.081317 2.315696
E -3.126630 21.026569 23.691999 0.101142
W C 1693.0 1043.0 1291.0 1881.0 383.0 1458.0 1191.0 747.0
F 1395.299777 868.204937 2.394899
E -2.931429 21.264632 22.589952 0.095763
W C 1693.0 1043.0 1291.0 1881.0 383.0 1458.0 482.0 682.0 1191.0 747.0
F 1360.013866 896.797552 2.487796
E -2.692001 21.754069 23.174580 0.131557
W C 1291.0 1881.0 383.0 1458.0 482.0 682.0 1191.0 747.0
F 1355.158498 901.496852 2.469632
E 3.123815 21.039092 22.168447 0.095205
W C 1291.0 1881.0 383.0 1458.0 482.0 682.0 1191.0 747.0
F 1317.092388 930.904912 2.476944
E -2.392908 21.011158 22.500095 0.105585
W C 1291.0 1881.0 383.0 1458.0 482.0 682.0 1191.0 747.0
F 1280.672893 958.533962 2.486031
E -0.657127 24.467458 20.935955 0.112592
W C 1291.0 1881.0 383.0 1458.0 482.0 682.0
F 1244.603291 985.773873 2.489943
E -0.638565 26.230268 20.967094 0.113295
W C 1291.0 1881.0 383.0 1458.0 482.0 682.0
F 1243.238799 986.795865 2.489398
E -0.646310 25.640397 20.568496 0.089609
W C 1291.0 1881.0 383.0 1458.0 482.0 682.0
F 1207.039274 1014.270294 2.493094
E -0.638198 27.173555 20.841083 0.148525
W C 1291.0 1881.0 383.0 1458.0 482.0 682.0
F 1170.909799 1041.734627 2.492217
E -0.635433 28.505629 20.496950 0.119043
W C 1291.0 1881.0 383.0 1458.0 482.0 682.0
F 1134.856564 1069.556387 2.487191
E -0.632927 29.613992 20.522979 0.114294
W C 1291.0 1881.0 383.0 1458.0 482.0 682.0
F 1100.187341 1095.940938 2.490682
E -0.631242 30.527020 20.613844 0.113489
W C 1291.0 1881.0 383.0 1458.0 482.0 682.0
F 1066.187477 1121.852199 2.490940
E -0.628443 31.270160 20.711333 0.113375
W C 1291.0 1881.0 383.0 1458.0 482.0 682.0
F 1064.955846 1122.863780 2.489994
E -0.630135 30.182520 20.220827 0.089587
W C 1291.0 1881.0 383.0 1458.0 482.0 682.0
F 1029.611096 1149.886983 2.489963
E -0.628237 30.969630 20.546201 0.148735
W C 1291.0 1881.0 383.0 1458.0 482.0 682.0
F 994.382579 1176.884239 2.489205
E -0.625148 31.579133 20.693534 0.148796
W C 1291.0 1881.0 383.0 1458.0 482.0 682.0
F 958.892475 1203.196957 2.519946
E -0.634215 32.877444 20.948988 0.183295
W C 383.0 1458.0 482.0 682.0
F 959.596906 1203.477820 2.501945
E -0.634001 31.416676 20.653035 0.116293
W C 1291.0 1881.0 383.0 1458.0 482.0 682.0
F 923.262846 1230.839301 2.500092
E -0.607143 32.702429 20.232863 0.129717
W C 383.0 1458.0 482.0 682.0
F 891.787038 1254.564833 2.537156
E -0.577847 34.330104 20.211249 0.125796
W C 1291.0 1881.0 383.0 1458.0 482.0 682.0
F 861.316201 1272.093520 2.637973
E -0.527992 37.912462 20.249469 0.132686
W C 1291.0 1881.0 383.0 1458.0 482.0 682.0
F 838.162738 1283.227236 2.709657
E -0.491406 39.069893 20.130201 0.128832
W C 1291.0 1881.0 383.0 1458.0 482.0 682.0
F 837.956148 1279.979727 2.755360
E -0.493080 36.849886 19.640380 0.097171
W C 1291.0 1881.0 383.0 1458.0 482.0 682.0
F 806.711410 1281.757269 2.968186
E -0.433077 38.317758 19.538893 0.127421
W C 1291.0 1881.0 383.0 1458.0 482.0 682.0
F 775.006818 1278.593548 -3.116824
E -0.354984 40.006716 20.002233 0.146266
W C 383.0 1458.0 482.0 682.0
F 744.155081 1267.099491 -2.885406
E -0.264959 40.758309 20.942056 0.148245
W C 383.0 1458.0 482.0 682.0
F 743.785041 1265.117466 -2.852311
E -0.283508 39.002725 20.473926 0.114963
W C 383.0 1458.0 482.0 682.0
F 718.018190 1245.865827 -2.625385
E -0.154297 38.524791 22.228196 0.129826
W C 383.0 1458.0 482.0 682.0 1191.0 747.0
F 698.482182 1224.963107 -2.457604
E -0.033904 37.183576 24.010422 0.129018
W C 383.0 1458.0 482.0 682.0 1191.0 747.0
F 683.372970 1202.253983 -2.307806
E 0.109310 35.693672 25.644731 0.128732
W C 383.0 1458.0 482.0 682.0 1191.0 747.0
F 674.057858 1174.414623 -2.097464
E 0.295405 34.296719 26.840711 0.127795
W C 383.0 1458.0 482.0 682.0 1191.0 747.0
F 677.252737 1173.912453 -2.060369
E 0.264119 31.408207 25.754416 0.091263
W C 383.0 1458.0 482.0 682.0 1191.0 747.0 1693.0 1043.0
F 673.464339 1140.271743 -1.802969
E 0.758655 33.126455 27.000696 0.128614
W C 482.0 682.0 1191.0 747.0 1693.0 1043.0
F 671.955039 1109.098480 -1.663795
E 2.650654 27.091795 34.980101 0.130612
W C 482.0 682.0 1191.0 747.0 1693.0 1043.0
F 674.077531 1067.286147 -1.564978
E 2.758957 26.163744 34.961616 0.119273
W C 482.0 682.0 1191.0 747.0 1693.0 1043.0
F 680.034459 1065.531836 -1.493583
E 2.723055 25.171072 33.892176 0.094972
W C 482.0 682.0 1191.0 747.0 1693.0 1043.0
F 688.822061 1022.627517 -1.422177
E 2.823966 24.416432 33.583327 0.112344
W C 482.0 682.0 1191.0 747.0 1693.0 1043.0
F 700.605736 978.454230 -1.304179
E 2.869931 24.015486 33.051185 0.129746
W C 482.0 682.0 1805.0 190.0 1191.0 747.0 1693.0 1043.0
F 713.511308 937.923526 -1.290602
E 2.923432 23.419489 32.068862 0.129655
W C 482.0 682.0 1805.0 190.0 1191.0 747.0 1693.0 1043.0
F 725.806948 900.179881 -1.290074
E 2.961406 22.883111 30.879746 0.129501
W C 482.0 682.0 1805.0 190.0 1191.0 747.0 1693.0 1043.0
F 727.273403 896.939311 -1.295159
E 2.879078 22.072542 29.042550 0.092627
W C 482.0 682.0 1805.0 190.0 1191.0 747.0 1693.0 1043.0
F 739.891332 855.446410 -1.298280
E 2.961489 21.591090 28.202086 0.129313
W C 482.0 682.0 1805.0 190.0 1191.0 747.0 1693.0 1043.0
F 752.616729 813.230285 -1.301339
E 3.014525 21.477252 27.324974 0.129444
W C 482.0 682.0 1805.0 190.0 1191.0 747.0 1693.0 1043.0
F 764.885645 773.419392 -1.303441
E 3.073877 21.462191 26.451988 0.129852
W C 482.0 682.0 1805.0 190.0 1191.0 747.0 1693.0 1043.0
F 776.578784 738.105496 -1.303651
E -3.125859 21.567634 25.798038 0.130519
W C 482.0 682.0 1805.0 190.0 1191.0 747.0 1693.0 1043.0
F 777.666208 736.100533 -1.309394
E 3.094510 21.086331 23.759320 0.092286
W C 482.0 682.0 1805.0 190.0 1191.0 747.0 1693.0 1043.0
F 790.948741 696.253971 -1.279785
E -2.927883 20.971498 24.521718 0.107821
W C 482.0 682.0 1805.0 190.0 1191.0 747.0 1693.0 1043.0
F 805.972963 656.756702 -1.235333
E -2.782136 21.271795 25.427473 0.120849
W C 482.0 682.0 1805.0 190.0 1191.0 747.0
F 825.297835 615.769151 -1.150009
E -2.683871 21.877533 28.025590 0.139711
W C 1805.0 190.0 1191.0 747.0
F 826.973950 614.900277 -1.145991
E -2.703607 21.381083 27.541178 0.114539
W C 1805.0 190.0 1191.0 747.0
F 850.741185 575.643664 -1.055225
E -2.588467 21.755665 29.760095 0.140584
W C 1805.0 190.0 1191.0 747.0
F 876.440221 538.767243 -0.976702
E -2.483986 22.294890 31.628573 0.146258
W C 1805.0 190.0 1191.0 747.0
F 905.140507 504.678083 -0.890296
E -2.392237 22.861437 33.159409 0.147796
W C 1805.0 190.0 1191.0 747.0
F 906.515040 504.366334 -0.887225
E -2.423835 22.331357 32.169616 0.120927
W C 1805.0 190.0 1191.0 747.0
F 940.751637 472.492265 -0.781065
E -0.770348 33.543833 22.418996 0.129640
W C 1805.0 190.0 1693.0 1043.0 1191.0 747.0
F 976.246536 444.762373 -0.670664
E -0.683230 35.854381 22.534814 0.137492
W C 1805.0 190.0 1693.0 1043.0 1191.0 747.0
F 1011.466855 421.709833 -0.573637
E -0.601851 37.515745 22.642716 0.138034
W C 1805.0 190.0 1693.0 1043.0 1191.0 747.0
F 1048.322145 404.841766 -0.453217
E -0.537465 37.962868 22.665528 0.134159
W C 1805.0 190.0 1693.0 1043.0 1191.0 747.0
F 1051.625004 405.289870 -0.434943
E -0.569399 36.209030 22.099827 0.106713
W C 1805.0 190.0 1693.0 1043.0 1191.0 747.0
F 1092.534264 394.341036 -0.302903
E -0.489521 36.409220 22.008732 0.128292
W C 1805.0 190.0 1693.0 1043.0 1191.0 747.0
F 1132.667431 388.054632 -0.189003
E -0.409302 36.324336 22.060196 0.129728
W C 1805.0 190.0 1693.0 1043.0 1191.0 747.0
F 1170.371373 384.482083 -0.106534
E -0.323136 36.239567 22.193190 0.130381
W C 1805.0 190.0 1693.0 1043.0 1191.0 747.0
F 1212.311979 386.447329 -0.010971
E -0.260665 35.386855 22.198483 0.123134
W C 1805.0 190.0 1693.0 1043.0 1191.0 747.0
F 1215.645987 390.812334 0.038137
E -0.298231 33.542480 21.401754 0.093710
W C 1805.0 190.0 1693.0 1043.0 1291.0 1881.0 1191.0 747.0
F 1261.343342 396.530399 0.130096
E -0.226595 32.975212 21.605888 0.152425
W C 1805.0 190.0 1693.0 1043.0 1191.0 747.0
F 1305.733755 405.412580 0.189029
E -0.159387 32.396197 21.745075 0.151797
W C 1805.0 190.0 1693.0 1043.0 1191.0 747.0
F 1345.967720 415.797685 0.246867
E -0.064171 32.650931 22.032525 0.148730
W C 1805.0 190.0 1693.0 1043.0 1291.0 1881.0
F 1346.825645 416.105511 0.245101
E -0.082055 31.728099 21.841063 0.115916
W C 1805.0 190.0 1693.0 1043.0
F 1389.340531 427.794763 0.247378
E -0.018089 32.212179 21.218960 0.114999
W C 1805.0 190.0 1693.0 1043.0 1291.0 1881.0
F 1431.461208 439.325043 0.245438
E 0.009523 32.480104 21.491854 0.148589
W C 1805.0 190.0 1693.0 1043.0 1291.0 1881.0
F 1473.629036 449.801011 0.232433
E 0.040295 32.639240 21.608564 0.180582
W C 1805.0 190.0 1693.0 1043.0
F 1511.982228 460.145086 0.244530
E 0.032596 32.514690 21.608407 0.148787
W C 1805.0 190.0 1693.0 1043.0 1291.0 1881.0
F 1513.208387 460.450482 0.242174
E 0.009062 30.985602 21.374623 0.115680
W C 1805.0 190.0 1693.0 1043.0
F 1558.596295 471.454350 0.234676
E 0.032909 31.004212 21.002666 0.180861
W C 1805.0 190.0 1693.0 1043.0
F 1600.596858 482.077536 0.254594
E 0.043722 31.156590 20.795940 0.143176
W C 1805.0 190.0 1693.0 1043.0
F 1638.450640 493.606729 0.289677
E 0.059505 30.931632 21.063085 0.121901
W C 1805.0 190.0 1693.0 1043.0 1291.0 1881.0
F 1639.137339 496.071175 0.308920
E 0.036174 28.821661 20.432235 0.093894
W C 1805.0 190.0 1693.0 1043.0 1291.0 1881.0
F 1678.937428 514.676975 0.398612
E 0.098356 28.938071 20.733464 0.116998
W C 1805.0 190.0 1693.0 1043.0 1291.0 1881.0
F 1718.379181 537.760963 0.492770
E 0.182166 28.966186 21.354024 0.120676
W C 1805.0 190.0 1693.0 1043.0 1291.0 1881.0
F 1752.839379 558.736862 0.533545
E 0.273218 29.068600 22.370902 0.137100
W C 1805.0 190.0 1693.0 1043.0
F 1752.842319 558.941258 0.533889
E 0.322741 28.526893 21.973351 0.121044
W C 1693.0 1043.0
F 1788.673306 587.441489 0.667754
E 0.530215 31.914207 22.855106 0.149030
W C 1693.0 1043.0 383.0 1458.0
F 1819.831298 619.464139 0.799457
E 0.705618 35.237207 23.564392 0.156080
W C 1693.0 1043.0 383.0 1458.0
F 1846.269409 651.235983 0.890393
E 2.410704 23.962147 37.465572 0.154586
W C 1693.0 1043.0 383.0 1458.0
F 1868.656788 686.898785 0.992543
E 2.521938 24.162400 38.709271 0.149795
W C 1693.0 1043.0 383.0 1458.0
F 1868.134242 687.338004 0.998058
E 2.525051 23.663643 38.397266 0.135967
W C 1693.0 1043.0
F 1889.215456 728.623706 1.135221
E 2.645634 24.218814 39.169711 0.191019
W C 1693.0 1043.0 383.0 1458.0
F 1907.001211 771.128016 1.181545
E 2.749135 24.343502 39.617522 0.191942
W C 1693.0 1043.0 383.0 1458.0
F 1920.747290 816.769259 1.253787
E 2.841344 23.637794 39.344992 0.136025
W C 1291.0 1881.0 1693.0 1043.0 383.0 1458.0
F 1933.915074 863.161194 1.293411
E 2.928902 23.268965 38.913518 0.130975
W C 1291.0 1881.0 1693.0 1043.0 383.0 1458.0
F 1935.226572 869.567944 1.293934
E 2.928539 22.831313 37.120877 0.114142
W C 1291.0 1881.0 1693.0 1043.0
F 1943.307061 919.646951 1.389310
E 3.029062 22.575847 37.341048 0.147024
W C 1291.0 1881.0 1693.0 1043.0
F 1946.913137 969.413249 1.479165
E 3.141057 22.631688 37.181981 0.154396
W C 1291.0 1881.0 1693.0 1043.0
F 1946.519903 1014.346631 1.556763
E -3.036916 22.689583 36.123011 0.137325
W C 1291.0 1881.0 1693.0 1043.0 482.0 682.0
F 1944.713498 1022.135402 1.570492
E -3.059821 22.151504 33.277527 0.109864
W C 1291.0 1881.0 383.0 1458.0 1693.0 1043.0
F 1939.739019 1071.258981 1.656625
E -2.939533 22.239567 33.903125 0.149205
W C 383.0 1458.0 1693.0 1043.0
F 1929.661762 1116.697863 1.755960
E -2.892166 22.650665 34.852013 0.141651
W C 1291.0 1881.0 383.0 1458.0
F 1916.291613 1161.840523 1.841615
E -2.863054 23.139503 36.266798 0.140160
W C 1291.0 1881.0 383.0 1458.0
F 1900.788128 1204.224302 1.915106
E -2.838446 23.565601 37.491099 0.138337
W C 1291.0 1881.0 383.0 1458.0
F 1897.505319 1206.417102 1.933214
E -2.862406 22.852475 36.797160 0.102546
W C 1291.0 1881.0 383.0 1458.0 482.0 682.0
F 1874.295244 1248.755144 2.037661
E -2.821716 22.832181 38.028603 0.119379
W C 1291.0 1881.0 383.0 1458.0 482.0 682.0
F 1850.544929 1288.432206 2.100099
E -2.768945 22.782479 38.913677 0.112079
W C 1291.0 1881.0 383.0 1458.0 482.0 682.0 1191.0 747.0
F 1824.272552 1325.501633 2.172686
E -2.717770 22.707631 39.540041 0.111081
W C 1291.0 1881.0 383.0 1458.0 482.0 682.0 1191.0 747.0
F 1821.370240 1326.658849 2.189435
E -2.732974 22.043727 38.512019 0.086726
W C 1291.0 1881.0 383.0 1458.0 482.0 682.0 1191.0 747.0
F 1790.115081 1361.233150 2.283001
E -2.673057 21.897559 39.049027 0.108748
W C 1291.0 1881.0 383.0 1458.0 482.0 682.0 1191.0 747.0
F 1755.849913 1393.137530 2.375254
E -2.613947 21.880148 39.398492 0.110311
W C 1291.0 1881.0 383.0 1458.0 482.0 682.0 1191.0 747.0
F 1721.620800 1421.809016 2.440410
E -2.555828 21.896850 39.561534 0.109948
W C 1291.0 1881.0 383.0 1458.0 482.0 682.0 1191.0 747.0
F 1686.909757 1447.376489 2.504226
E -2.501729 21.863793 39.582986 0.109298
W C 1291.0 1881.0 383.0 1458.0 482.0 682.0 1191.0 747.0
F 1684.480771 1447.393368 2.523034
E -2.518330 21.210307 38.316885 0.085236
W C 1291.0 1881.0 383.0 1458.0 482.0 682.0 1191.0 747.0
F 1644.991979 1469.786901 2.604451
E -2.461279 21.077536 38.210603 0.104933
W C 1291.0 1881.0 383.0 1458.0 482.0 682.0 1191.0 747.0
F 1603.179082 1489.902615 2.658274
E -2.413105 20.977709 37.892256 0.104494
W C 1291.0 1881.0 383.0 1458.0 482.0 682.0 1191.0 747.0
F 1564.146082 1509.029840 2.691110
E -2.377709 21.415518 37.543455 0.130100
W C 1291.0 1881.0 383.0 1458.0 482.0 682.0 1191.0 747.0
F 1562.881388 1509.563444 2.685679
E -2.399595 20.884586 36.201441 0.093433
W C 1291.0 1881.0 383.0 1458.0 482.0 682.0 1191.0 747.0
F 1522.484870 1529.222611 2.672770
E -0.763738 36.985355 20.678700 0.152579
W C 383.0 1458.0 482.0 682.0 1191.0 747.0
F 1483.179735 1548.455236 2.681470
E -0.730437 36.363255 20.309498 0.108750
W C 1291.0 1881.0 383.0 1458.0 482.0 682.0 1191.0 747.0
F 1443.530611 1568.068807 2.680962
E -0.714594 35.729663 19.964636 0.103334
W C 1291.0 1881.0 383.0 1458.0 482.0 682.0 1191.0 747.0
F 1403.511212 1586.933969 2.708326
E -0.680220 36.824005 20.583528 0.152852
W C 383.0 1458.0 482.0 682.0 1191.0 747.0
F 1403.253609 1587.324825 2.689167
E -0.686362 36.385670 20.294523 0.110135
W C 383.0 1458.0 482.0 682.0 1191.0 747.0
F 1362.764728 1605.555107 2.717886
E -0.606703 37.543035 20.454659 0.122315
W C 383.0 1458.0 482.0 682.0 1191.0 747.0
F 1323.309033 1621.426190 2.766138
E -0.540719 38.639316 20.905088 0.123925
W C 383.0 1458.0 482.0 682.0 1191.0 747.0
F 1281.950953 1634.463208 2.835803
E -0.477618 39.703502 21.413099 0.124815
W C 383.0 1458.0 482.0 682.0 1191.0 747.0
F 1281.815292 1633.860443 2.843108
E -0.487358 39.053006 20.853388 0.098939
W C 383.0 1458.0 482.0 682.0 1191.0 747.0
F 1237.073125 1641.435890 2.949142
E -0.421286 39.969376 21.172136 0.121623
W C 383.0 1458.0 482.0 682.0 1191.0 747.0
F 1193.548505 1646.527634 3.010683
E -0.360856 40.422135 21.571551 0.121350
W C 383.0 1458.0 482.0 682.0 1191.0 747.0
F 1149.979179 1648.632942 3.055739
E -0.304625 40.712667 21.929156 0.119197
W C 383.0 1458.0 482.0 682.0 1191.0 747.0
F 1106.964040 1650.831264 3.075764
E -0.251514 40.939761 22.201918 0.118424
W C 383.0 1458.0 482.0 682.0 1191.0 747.0
F 1107.389430 1650.767392 3.076104
E -0.260064 40.075790 21.607911 0.095407
W C 383.0 1458.0 482.0 682.0 1191.0 747.0
F 1063.115333 1654.048363 3.066552
E -0.211384 40.413137 22.017235 0.152762
W C 383.0 1458.0 482.0 682.0 1191.0 747.0
F 1019.922496 1656.756729 3.079110
E -0.161080 40.780744 21.752418 0.124082
W C 383.0 1458.0 482.0 682.0 1191.0 747.0
F 977.300471 1659.307215 3.086443
E -0.115211 41.144459 21.772529 0.119528
W C 383.0 1458.0 482.0 682.0 1191.0 747.0
F 977.024438 1660.423013 3.073688
E -0.123738 40.213118 21.204349 0.096124
W C 383.0 1458.0 482.0 682.0 1191.0 747.0
F 932.727369 1663.775362 3.074260
E -0.079518 40.740462 21.086414 0.115948
W C 383.0 1458.0 482.0 682.0 1191.0 747.0
F 889.091410 1667.783482 3.048894
E -0.046941 41.310328 21.937239 0.183935
W C 383.0 1458.0 482.0 682.0
F 845.301794 1671.662908 3.057606
E -0.015189 41.942122 21.501925 0.144044
W C 383.0 1458.0 482.0 682.0
F 845.471528 1672.177343 3.053222
E -0.026075 41.088383 21.088933 0.115276
W C 383.0 1458.0 482.0 682.0
F 800.806133 1676.885971 3.037806
E 0.004399 41.804218 21.357823 0.184900
W C 383.0 1458.0 482.0 682.0
F 757.330153 1680.977517 3.052168
E 0.038955 42.538775 20.882266 0.145474
W C 383.0 1458.0 482.0 682.0
F 713.764567 1684.946383 3.058920
E 0.078711 43.249555 20.856700 0.137874
W C 383.0 1458.0 482.0 682.0
F 673.042958 1687.633950 3.075250
E 0.121090 43.838658 20.829450 0.135951
W C 383.0 1458.0 482.0 682.0
F 667.372465 1689.227523 3.069088
E 0.124274 42.966335 20.214503 0.114149
W C 383.0 1458.0 482.0 682.0
F 666.531153 1690.854362 3.054583
E 0.118610 42.073913 19.769010 0.101318
W C 383.0 1458.0 482.0 682.0
F 665.831384 1691.825127 3.047204
E 0.113238 41.240007 19.435191 0.092981
W C 383.0 1458.0 482.0 682.0
F 665.224142 1692.526038 3.042696
E 0.108077 40.458220 19.157147 0.087007
W C 383.0 1458.0 482.0 682.0
F 664.577792 1693.026974 3.039876
E 0.103096 39.723223 18.912097 0.082451
W C 383.0 1458.0 482.0 682.0
F 663.983103 1693.475410 3.038000
E 0.098288 39.030350 18.688838 0.078820
W C 383.0 1458.0 482.0 682.0
F 663.419816 1693.863968 3.036748
E 0.093640 38.375621 18.481320 0.075831
W C 383.0 1458.0 482.0 682.0
F 662.902472 1694.210045 3.035896
E 0.089144 37.755547 18.285886 0.073308
W C 383.0 1458.0 482.0 682.0
